time	A	B
0.0	100.0	10.0
0.1	95.4830852005818	14.51691479941823
0.2	91.31344746860294	18.686552531397076
0.30000000000000004	87.46438672618294	22.53561327381708
0.4	83.91125595577284	26.088744044227177
0.5	80.63130263864521	29.36869736135479
0.6000000000000001	77.60352409638776	32.39647590361224
0.7000000000000001	74.80853232397155	35.19146767602845
0.8	72.22842973122681	37.77157026877319
0.9	69.8466948539352	40.15330514606478
1.0	67.64807645804436	42.35192354195565
1.1	65.6184958606491	44.381504139350895
1.2000000000000002	63.744956730243196	46.255043269756804
1.3	62.01546220237912	47.98453779762088
1.4000000000000001	60.41893753859078	49.58106246140922
1.5	58.945159488457676	51.054840511542324
1.6	57.58469092679373	52.41530907320627
1.7000000000000002	56.328820155515785	53.671179844484215
1.8	55.16950529609112	54.83049470390888
1.9000000000000001	54.0993228366486	55.9006771633514
2.0	53.111419907986495	56.888580092013505
2.1	52.19947054963381	57.80052945036619
2.2	51.35763518417065	58.64236481582935
2.3000000000000003	50.58052310071703	59.41947689928297
2.4000000000000004	49.86315848111596	60.13684151888404
2.5	49.200947578842545	60.799052421157455
2.6	48.589649751144094	61.410350248855906
2.7	48.025350770402326	61.974649229597674
2.8000000000000003	47.50443704247333	62.49556295752667
2.9000000000000004	47.023573086602646	62.976426913397354
3.0	46.57967970240945	63.42032029759055
3.1	46.16991447546368	63.830085524536315
3.2	45.791653469378915	64.20834653062109
3.3000000000000003	45.44247455388793	64.55752544611205
3.4000000000000004	45.120141803040575	64.8798581969594
3.5	44.82259117298161	65.17740882701838
3.6	44.54791732024307	65.45208267975691
3.7	44.29436139482657	65.70563860517342
3.8000000000000003	44.06029980356583	65.93970019643416
3.9000000000000004	43.84423374048914	66.15576625951086
4.0	43.64477957821884	66.35522042178115
4.1000000000000005	43.460660206704475	66.53933979329553
4.2	43.290696577003274	66.70930342299673
4.3	43.13380038444043	66.86619961555957
4.4	42.988966949023435	67.01103305097656
4.5	42.85526882117611	67.1447311788239
4.6000000000000005	42.731849916200964	67.26815008379904
4.7	42.61791988076037	67.38208011923963
4.800000000000001	42.51274921276445	67.48725078723555
4.9	42.415664446431016	67.58433555356899
5.0	42.32604391066199	67.67395608933802
5.1000000000000005	42.24331374186031	67.7566862581397
5.2	42.16694415217928	67.83305584782072
5.300000000000001	42.096446146582245	67.90355385341775
5.4	42.031368277424896	67.9686317225751
5.5	41.97129383353488	68.02870616646511
5.6000000000000005	41.91583813719825	68.08416186280174
5.7	41.86464607036212	68.13535392963787
5.800000000000001	41.81738984932662	68.18261015067338
5.9	41.773766848141754	68.22623315185824
6.0	41.73349774205622	68.26650225794377
6.1000000000000005	41.69632467455564	68.30367532544435
6.2	41.662009602292216	68.33799039770776
6.300000000000001	41.63033280650651	68.36966719349347
6.4	41.60109143265578	68.39890856734418
6.5	41.574098243871184	68.42590175612878
6.6000000000000005	41.5491803920036	68.45081960799637
6.7	41.52617830954136	68.4738216904586
6.800000000000001	41.50494471566258	68.49505528433738
6.9	41.48534363504441	68.51465636495556
7.0	41.46724955914574	68.53275044085422
7.1000000000000005	41.45054662355878	68.54945337644119
7.2	41.43512786612784	68.56487213387213
7.300000000000001	41.420894561977455	68.57910543802251
7.4	41.40775556377388	68.59224443622608
7.5	41.39562674107687	68.6043732589231
7.6000000000000005	41.38443042756394	68.61556957243603
7.7	41.37409492836221	68.62590507163776
7.800000000000001	41.3645540698542	68.63544593014576
7.9	41.355746742619395	68.64425325738057
8.0	41.34761654526572	68.65238345473425
8.1	41.34011142662131	68.65988857337867
8.200000000000001	41.333183326951364	68.66681667304861
8.3	41.326787875613704	68.67321212438627
8.4	41.32088412243409	68.67911587756589
8.5	41.315434286927584	68.6845657130724
8.6	41.31040345105339	68.6895965489466
8.700000000000001	41.3057594003537	68.69424059964628
8.8	41.301472415063216	68.69852758493678
8.9	41.297515020604614	68.70248497939538
9.0	41.29386188377109	68.7061381162289
9.1	41.29048962298048	68.70951037701951
9.200000000000001	41.287376625617895	68.71262337438209
9.3	41.28450296988073	68.71549703011925
9.4	41.281850256011374	68.7181497439886
9.5	41.27940148680469	68.7205985131953
9.600000000000001	41.27714099191984	68.72285900808014
9.700000000000001	41.27505428755609	68.7249457124439
9.8	41.27312800720006	68.72687199279993
9.9	41.2713498351562	68.72865016484378
10.0	41.269708382425385	68.73029161757461
10.100000000000001	41.26819312536754	68.73180687463245
10.200000000000001	41.26679436993949	68.7332056300605
10.3	41.265503160074466	68.73449683992551
10.4	41.264311216936086	68.73568878306389
10.5	41.26321091468906	68.73678908531092
10.600000000000001	41.26219521261747	68.73780478738252
10.700000000000001	41.26125759630166	68.73874240369832
10.8	41.26039206687424	68.73960793312575
10.9	41.2595930887767	68.74040691122329
11.0	41.25885553651165	68.74114446348834
11.100000000000001	41.25817468872794	68.74182531127204
11.200000000000001	41.2575461901804	68.74245380981958
11.3	41.2569660103034	68.74303398969658
11.4	41.25643043499115	68.74356956500884
11.5	41.25593603910255	68.74406396089745
11.600000000000001	41.2554796549783	68.74452034502168
11.700000000000001	41.25505835714668	68.7449416428533
11.8	41.25466945206774	68.74533054793224
11.9	41.25431044243751	68.74568955756249
12.0	41.253979028959044	68.74602097104095
12.100000000000001	41.25367309737604	68.74632690262395
12.200000000000001	41.253390698826074	68.74660930117392
12.3	41.25313001894773	68.74686998105227
12.4	41.25288938613491	68.74711061386509
12.5	41.25266725185058	68.7473327481494
12.600000000000001	41.25246219037139	68.7475378096286
12.700000000000001	41.25227290234952	68.74772709765047
12.8	41.25209817081713	68.74790182918285
12.9	41.251936861573604	68.74806313842637
13.0	41.25178794528469	68.74821205471528
13.100000000000001	41.25165048299938	68.74834951700059
13.200000000000001	41.25152359143833	68.74847640856164
13.3	41.25140644866383	68.74859355133614
13.4	41.25129831309669	68.74870168690327
13.5	41.251198497461274	68.7488015025387
13.600000000000001	41.25110635737809	68.74889364262188
13.700000000000001	41.25102129400992	68.74897870599006
13.8	41.25094277270519	68.74905722729478
13.9	41.25087029200691	68.74912970799306
14.0	41.25080338290645	68.74919661709353
14.100000000000001	41.25074161349718	68.74925838650277
14.200000000000001	41.25068459872336	68.7493154012766
14.3	41.2506319724801	68.74936802751986
14.4	41.25058339196839	68.74941660803157
14.5	41.25053853645024	68.74946146354971
14.600000000000001	41.25049712804264	68.74950287195732
14.700000000000001	41.25045890608005	68.7495410939199
14.8	41.25042362406542	68.74957637593454
14.9	41.250391051313535	68.74960894868643
15.0	41.250360979943494	68.74963902005646
15.100000000000001	41.25033322368057	68.74966677631939
15.200000000000001	41.25030760408208	68.74969239591789
15.3	41.25028395426471	68.74971604573525
15.4	41.25026211959685	68.74973788040313
15.5	41.250241965605824	68.74975803439415
15.600000000000001	41.250223363451255	68.74977663654872
15.700000000000001	41.25020619205006	68.74979380794991
15.8	41.25019033777366	68.74980966222631
15.9	41.25017570149899	68.74982429850098
16.0	41.25016219172109	68.74983780827888
16.1	41.250149721415674	68.7498502785843
16.2	41.25013820924669	68.74986179075327
16.3	41.25012757815364	68.74987242184633
16.400000000000002	41.25011777060402	68.74988222939595
16.5	41.25010871646565	68.74989128353432
16.6	41.250100358195866	68.7498996418041
16.7	41.250092641500174	68.74990735849978
16.8	41.250085519788435	68.74991448021153
16.900000000000002	41.250078947269635	68.74992105273033
17.0	41.25007288050137	68.7499271194986
17.1	41.25006727906813	68.74993272093184
17.2	41.250062105581314	68.74993789441865
17.3	41.25005732626245	68.74994267373752
17.400000000000002	41.250052911188874	68.7499470888111
17.5	41.25004883294674	68.74995116705323
17.6	41.25004506726415	68.74995493273582
17.7	41.250041593022374	68.7499584069776
17.8	41.250038391885305	68.74996160811467
17.900000000000002	41.250035438766815	68.74996456123316
18.0	41.250032711835	68.74996728816498
18.1	41.25003019424726	68.74996980575271
18.2	41.25002787118287	68.74997212881709
18.3	41.250025729842946	68.74997427015703
18.400000000000002	41.250023757700276	68.7499762422997
18.5	41.25002193717248	68.7499780628275
18.6	41.250020255720116	68.74997974427986
18.7	41.250018702603676	68.74998129739629
18.8	41.250017268327056	68.74998273167292
18.900000000000002	41.250015944637575	68.74998405536239
19.0	41.25001470499503	68.74998529500493
19.1	41.25001358600228	68.74998641399769
19.200000000000003	41.25001254632085	68.74998745367911
19.3	41.250011582842454	68.74998841715751
19.400000000000002	41.250010692458794	68.74998930754117
19.5	41.250009871804174	68.74999012819578
19.6	41.25000911466648	68.74999088533347
19.700000000000003	41.25000841619225	68.74999158380771
19.8	41.25000777221076	68.74999222778919
19.900000000000002	41.2500071785513	68.74999282144866
20.0	41.25000663104318	68.74999336895678
20.1	41.25000612551567	68.74999387448429
20.200000000000003	41.25000565820877	68.74999434179118
20.3	41.250005227824786	68.74999477217517
20.400000000000002	41.25000483151911	68.74999516848085
20.5	41.250004466055806	68.74999553394416
20.6	41.25000412819897	68.74999587180099
20.700000000000003	41.25000381471266	68.7499961852873
20.8	41.25000352236097	68.74999647763899
20.900000000000002	41.25000324903896	68.74999675096097
21.0	41.250002996564085	68.74999700343587
21.1	41.25000276371062	68.74999723628933
21.200000000000003	41.25000254886328	68.74999745113666
21.3	41.250002350406774	68.74999764959317
21.400000000000002	41.250002166725814	68.74999783327412
21.5	41.25000199620511	68.74999800379483
21.6	41.25000180198969	68.74999819801025
21.700000000000003	41.25000167127524	68.74999832872469
21.8	41.25000154759762	68.74999845240232
21.900000000000002	41.25000143095681	68.74999856904313
22.0	41.25000132135281	68.74999867864713
22.1	41.250001218785634	68.7499987812143
22.200000000000003	41.250001123255274	68.74999887674467
22.3	41.25000103436684	68.7499989656331
22.400000000000002	41.25000095147815	68.7499990485218
22.5	41.25000087458021	68.74999912541973
22.6	41.25000080367302	68.74999919632693
22.700000000000003	41.25000073875658	68.74999926124336
22.8	41.2500006798309	68.74999932016904
22.900000000000002	41.25000062689597	68.74999937310398
23.0	41.250000579291466	68.74999942070849
23.1	41.25000053497778	68.74999946502217
23.200000000000003	41.250000493810575	68.74999950618938
23.3	41.25000045578984	68.74999954421011
23.400000000000002	41.250000420915576	68.74999957908437
23.5	41.25000038918779	68.74999961081217
23.6	41.25000036060647	68.74999963939348
23.700000000000003	41.25000033496759	68.74999966503236
23.8	41.25000031101661	68.74999968898334
23.900000000000002	41.250000288539304	68.74999971146065
24.0	41.25000026753567	68.74999973246427
24.1	41.250000248005705	68.74999975199425
24.200000000000003	41.250000229949414	68.74999977005054
24.3	41.25000021336679	68.74999978663315
24.400000000000002	41.25000019822756	68.74999980177239
24.5	41.250000184072	68.74999981592795
24.6	41.25000017074493	68.74999982925502
24.700000000000003	41.25000015824636	68.7499998417536
24.8	41.25000014657626	68.74999985342369
24.900000000000002	41.250000135734666	68.74999986426529
25.0	41.250000125721556	68.7499998742784
25.1	41.25000011653475	68.7499998834652
25.200000000000003	41.250000107988114	68.74999989201184
25.3	41.25000009996215	68.7499999000378
25.400000000000002	41.250000092456865	68.74999990754308
25.5	41.25000008547226	68.74999991452769
25.6	41.25000007900834	68.74999992099161
25.700000000000003	41.25000007306509	68.74999992693486
25.8	41.25000006764252	68.74999993235744
25.900000000000002	41.25000006264916	68.7499999373508
26.0	41.2500000579661	68.74999994203385
26.1	41.25000005359285	68.7499999464071
26.200000000000003	41.250000049529405	68.74999995047055
26.3	41.250000045775764	68.7499999542242
26.400000000000002	41.25000004233193	68.74999995766802
26.5	41.25000003919791	68.74999996080206
26.6	41.250000036335955	68.749999963664
26.700000000000003	41.25000003365194	68.749999966348
26.8	41.2500000311414	68.74999996885855
26.900000000000002	41.25000002880432	68.74999997119562
27.0	41.250000026640706	68.74999997335924
27.1	41.25000002465056	68.74999997534938
27.200000000000003	41.25000002283387	68.74999997716607
27.3	41.25000002044933	68.74999997955061
27.400000000000002	41.2500000175943	68.74999998240564
27.5	41.25000001484473	68.74999998515521
27.6	41.25000001220061	68.74999998779933
27.700000000000003	41.250000009661946	68.74999999033798
27.8	41.25000000722874	68.7499999927712
27.900000000000002	41.25000000490098	68.74999999509895
28.0	41.25000000267868	68.74999999732125
28.1	41.25000000056184	68.7499999994381
28.200000000000003	41.24999999855045	68.7500000014495
28.3	41.24999999664451	68.75000000335542
28.400000000000002	41.249999994844025	68.75000000515591
28.5	41.249999993149	68.75000000685094
28.6	41.24999999155943	68.75000000844051
28.700000000000003	41.2499999900753	68.75000000992463
28.8	41.249999988696636	68.7500000113033
28.900000000000002	41.24999998742343	68.7500000125765
29.0	41.24999998625567	68.75000001374427
29.1	41.24999998519337	68.75000001480657
29.200000000000003	41.24999998423652	68.75000001576342
29.3	41.24999998338512	68.7500000166148
29.400000000000002	41.24999998263918	68.75000001736075
29.5	41.2499999819987	68.75000001800124
29.6	41.24999998146367	68.75000001853627
29.700000000000003	41.24999998103409	68.75000001896585
29.8	41.249999980709966	68.75000001928997
29.900000000000002	41.249999980491296	68.75000001950865
30.0	41.24999998037808	68.75000001962185
30.1	41.24999998037032	68.75000001962961
30.200000000000003	41.24999998046801	68.75000001953192
30.3	41.24999998067116	68.75000001932878
30.400000000000002	41.249999980979766	68.75000001902018
30.5	41.24999998139382	68.75000001860612
30.6	41.249999981913334	68.75000001808661
30.700000000000003	41.2499999825383	68.75000001746164
30.8	41.249999983268715	68.75000001673122
30.900000000000002	41.24999998410459	68.75000001589535
31.0	41.24999998504592	68.75000001495401
31.1	41.2499999860927	68.75000001390724
31.200000000000003	41.249999985810796	68.75000001418913
31.3	41.249999985455425	68.7500000145445
31.400000000000002	41.249999985127744	68.75000001487219
31.5	41.24999998482775	68.75000001517216
31.6	41.249999984555465	68.75000001544446
31.700000000000003	41.24999998431087	68.75000001568905
31.8	41.249999984093975	68.75000001590595
31.900000000000002	41.249999983904765	68.75000001609516
32.0	41.24999998374326	68.75000001625666
32.1	41.24999998360945	68.75000001639047
32.2	41.24999998350333	68.7500000164966
32.300000000000004	41.24999998342491	68.75000001657502
32.4	41.24999998337418	68.75000001662575
32.5	41.249999983351145	68.75000001664877
32.6	41.24999998335581	68.75000001664411
32.7	41.24999998338817	68.75000001661175
32.800000000000004	41.24999998344822	68.7500000165517
32.9	41.24999998353597	68.75000001646394
33.0	41.24999998365142	68.75000001634851
33.1	41.24999998379456	68.75000001620536
33.2	41.249999983965395	68.75000001603453
33.300000000000004	41.24999998416392	68.750000015836
33.4	41.24999998439015	68.75000001560977
33.5	41.24999998464407	68.75000001535585
33.6	41.24999998492569	68.75000001507424
33.7	41.249999985235	68.75000001476492
33.800000000000004	41.24999998557201	68.75000001442791
33.9	41.24999998593671	68.7500000140632
34.0	41.24999998632911	68.75000001367081
34.1	41.2499999867492	68.75000001325071
34.2	41.24999998719699	68.75000001280293
34.300000000000004	41.24999998767248	68.75000001232745
34.4	41.24999998817566	68.75000001182427
34.5	41.249999988706534	68.7500000112934
34.6	41.249999989265106	68.75000001073482
34.7	41.24999998985137	68.75000001014855
34.800000000000004	41.249999990465334	68.75000000953459
34.9	41.24999999110699	68.75000000889294
35.0	41.24999999118749	68.75000000881244
35.1	41.24999999136091	68.750000008639
35.2	41.24999999153433	68.75000000846559
35.300000000000004	41.24999999170775	68.75000000829216
35.4	41.249999991881175	68.75000000811875
35.5	41.2499999920546	68.75000000794532
35.6	41.24999999222802	68.7500000077719
35.7	41.24999999240144	68.75000000759849
35.800000000000004	41.249999992574864	68.75000000742506
35.9	41.249999992748286	68.75000000725164
36.0	41.24999999292171	68.75000000707821
36.1	41.24999999309513	68.7500000069048
36.2	41.24999999326855	68.75000000673137
36.300000000000004	41.249999993441975	68.75000000655795
36.4	41.2499999936154	68.75000000638452
36.5	41.24999999378882	68.75000000621111
36.6	41.24999999396224	68.75000000603768
36.7	41.24999999413566	68.75000000586427
36.800000000000004	41.249999994309086	68.75000000569084
36.9	41.2499999944825	68.75000000551742
37.0	41.24999999465592	68.75000000534399
37.1	41.249999994829345	68.75000000517058
37.2	41.24999999500277	68.75000000499715
37.300000000000004	41.24999999517619	68.75000000482373
37.4	41.24999999534961	68.7500000046503
37.5	41.249999995523034	68.75000000447689
37.6	41.249999995696456	68.75000000430346
37.7	41.24999999586988	68.75000000413004
37.800000000000004	41.2499999960433	68.75000000395661
37.9	41.24999999621672	68.7500000037832
38.0	41.249999996390144	68.75000000360978
38.1	41.24999999656357	68.75000000343636
38.2	41.24999999673699	68.75000000326294
38.300000000000004	41.24999999691041	68.75000000308951
38.400000000000006	41.24999999708383	68.7500000029161
38.5	41.249999997257255	68.75000000274267
38.6	41.24999999743068	68.75000000256925
38.7	41.2499999976041	68.75000000239582
38.800000000000004	41.24999999777752	68.75000000222241
38.900000000000006	41.24999999783592	68.750000002164
39.0	41.24999999784136	68.75000000215857
39.1	41.24999999784679	68.75000000215313
39.2	41.249999997852235	68.7500000021477
39.300000000000004	41.24999999785767	68.75000000214226
39.400000000000006	41.24999999786311	68.75000000213683
39.5	41.24999999786854	68.75000000213139
39.6	41.24999999787398	68.75000000212594
39.7	41.249999997879414	68.75000000212052
39.800000000000004	41.24999999788485	68.75000000211507
39.900000000000006	41.249999997890285	68.75000000210964
40.0	41.24999999789573	68.7500000021042
40.1	41.24999999790116	68.75000000209877
40.2	41.2499999979066	68.75000000209333
40.300000000000004	41.249999997912035	68.7500000020879
40.400000000000006	41.24999999791747	68.75000000208246
40.5	41.249999997922906	68.75000000207702
40.6	41.24999999792834	68.75000000207159
40.7	41.24999999793378	68.75000000206614
40.800000000000004	41.24999999793922	68.75000000206072
40.900000000000006	41.249999997944656	68.75000000205527
41.0	41.24999999795009	68.75000000204984
41.1	41.24999999795553	68.7500000020444
41.2	41.24999999796096	68.75000000203896
41.300000000000004	41.2499999979664	68.75000000203353
41.400000000000006	41.249999997971834	68.75000000202809
41.5	41.24999999797728	68.75000000202266
41.6	41.24999999798271	68.75000000201722
41.7	41.24999999798815	68.75000000201179
41.800000000000004	41.249999997993584	68.75000000200635
41.900000000000006	41.24999999799902	68.7500000020009
42.0	41.249999998004455	68.75000000199547
42.1	41.24999999800989	68.75000000199003
42.2	41.249999998015326	68.7500000019846
42.300000000000004	41.24999999802077	68.75000000197916
42.400000000000006	41.249999998026205	68.75000000197373
42.5	41.24999999803164	68.75000000196829
42.6	41.249999998037076	68.75000000196286
42.7	41.24999999804251	68.75000000195742
42.800000000000004	41.24999999804795	68.75000000195197
42.900000000000006	41.24999999805338	68.75000000194655
43.0	41.24999999805882	68.7500000019411
43.1	41.24999999806426	68.75000000193567
43.2	41.2499999980697	68.75000000193023
43.300000000000004	41.24999999807513	68.7500000019248
43.400000000000006	41.24999999808057	68.75000000191936
43.5	41.249999998086004	68.75000000191392
43.6	41.24999999809144	68.75000000190849
43.7	41.249999998096875	68.75000000190305
43.800000000000004	41.24999999810231	68.75000000189762
43.900000000000006	41.249999998107754	68.75000000189218
44.0	41.24999999811319	68.75000000188675
44.1	41.249999998118625	68.7500000018813
44.2	41.24999999812406	68.75000000187586
44.300000000000004	41.249999998129496	68.75000000187043
44.400000000000006	41.24999999813493	68.75000000186499
44.5	41.24999999814037	68.75000000185956
44.6	41.24999999814581	68.75000000185412
44.7	41.249999998151246	68.75000000184869
44.800000000000004	41.24999999815668	68.75000000184325
44.900000000000006	41.24999999816212	68.75000000183782
45.0	41.24999999816755	68.75000000183238
45.1	41.24999999817299	68.75000000182693
45.2	41.249999998178424	68.7500000018215
45.300000000000004	41.24999999818386	68.75000000181606
45.400000000000006	41.2499999981893	68.75000000181063
45.5	41.24999999819474	68.75000000180519
45.6	41.249999998200174	68.75000000179976
45.7	41.24999999820561	68.75000000179432
45.800000000000004	41.249999998211045	68.75000000178888
45.900000000000006	41.24999999821648	68.75000000178345
46.0	41.24999999822192	68.750000001778
46.1	41.24999999822735	68.75000000177258
46.2	41.249999998232795	68.75000000176713
46.300000000000004	41.24999999823823	68.7500000017617
46.400000000000006	41.249999998243666	68.75000000175626
46.5	41.2499999982491	68.75000000175083
46.6	41.24999999825454	68.75000000174539
46.7	41.24999999825997	68.75000000173995
46.800000000000004	41.24999999826541	68.75000000173452
46.900000000000006	41.249999998270845	68.75000000172908
47.0	41.24999999827629	68.75000000172365
47.1	41.24999999828172	68.7500000017182
47.2	41.24999999828716	68.75000000171278
47.300000000000004	41.249999998292594	68.75000000170733
47.400000000000006	41.24999999829803	68.75000000170189
47.5	41.249999998303466	68.75000000169646
47.6	41.2499999983089	68.75000000169102
47.7	41.249999998314344	68.75000000168559
47.800000000000004	41.24999999831978	68.75000000168015
47.900000000000006	41.249999998325215	68.75000000167472
48.0	41.24999999833065	68.75000000166928
48.1	41.24999999833609	68.75000000166384
48.2	41.24999999834152	68.7500000016584
48.300000000000004	41.24999999834696	68.75000000165296
48.400000000000006	41.24999999835239	68.75000000164754
48.5	41.249999998357836	68.75000000164209
48.6	41.24999999836327	68.75000000163666
48.7	41.24999999836871	68.75000000163122
48.800000000000004	41.24999999837414	68.75000000162579
48.900000000000006	41.24999999837958	68.75000000162035
49.0	41.249999998385015	68.75000000161491
49.1	41.24999999839045	68.75000000160948
49.2	41.249999998395886	68.75000000160404
49.300000000000004	41.24999999840133	68.75000000159861
49.400000000000006	41.249999998406764	68.75000000159316
49.5	41.2499999984122	68.75000000158774
49.6	41.249999998417636	68.7500000015823
49.7	41.24999999842307	68.75000000157685
49.800000000000004	41.24999999842851	68.75000000157142
49.900000000000006	41.24999999843394	68.75000000156598
50.0	41.249999998439385	68.75000000156055
50.1	41.24999999844482	68.75000000155511
50.2	41.24999999845026	68.75000000154968
50.300000000000004	41.24999999845569	68.75000000154424
50.400000000000006	41.24999999846113	68.7500000015388
50.5	41.24999999846656	68.75000000153337
50.6	41.249999998472	68.75000000152792
50.7	41.249999998477435	68.7500000015225
50.800000000000004	41.24999999848288	68.75000000151705
50.900000000000006	41.24999999848831	68.75000000151162
51.0	41.24999999849375	68.75000000150618
51.1	41.249999998499185	68.75000000150075
51.2	41.24999999850462	68.75000000149531
51.300000000000004	41.249999998510056	68.75000000148987
51.400000000000006	41.24999999851549	68.75000000148444
51.5	41.24999999852093	68.750000001479
51.6	41.24999999852637	68.75000000147357
51.7	41.249999998531806	68.75000000146812
51.800000000000004	41.24999999853724	68.7500000014627
51.900000000000006	41.24999999854268	68.75000000145725
52.0	41.24999999854811	68.75000000145181
52.1	41.24999999855355	68.75000000144638
52.2	41.249999998558984	68.75000000144094
52.300000000000004	41.24999999856442	68.75000000143551
52.400000000000006	41.24999999856986	68.75000000143007
52.5	41.2499999985753	68.75000000142464
52.6	41.24999999858073	68.7500000014192
52.7	41.24999999858617	68.75000000141377
52.800000000000004	41.249999998591605	68.75000000140832
52.900000000000006	41.24999999859704	68.75000000140288
53.0	41.249999998602476	68.75000000139745
53.1	41.24999999860792	68.75000000139201
53.2	41.249999998613355	68.75000000138658
53.300000000000004	41.24999999861879	68.75000000138114
53.400000000000006	41.249999998624226	68.75000000137571
53.5	41.24999999862966	68.75000000137027
53.6	41.2499999986351	68.75000000136482
53.7	41.24999999864053	68.7500000013594
53.800000000000004	41.24999999864597	68.75000000135395
53.900000000000006	41.24999999865141	68.75000000134852
54.0	41.24999999865685	68.75000000134308
54.1	41.24999999866228	68.75000000133765
54.2	41.24999999866772	68.75000000133221
54.300000000000004	41.249999998673154	68.75000000132677
54.400000000000006	41.24999999867859	68.75000000132134
54.5	41.249999998684025	68.7500000013159
54.6	41.24999999868946	68.75000000131047
54.7	41.2499999986949	68.75000000130503
54.800000000000004	41.24999999870034	68.7500000012996
54.900000000000006	41.249999998705775	68.75000000129415
55.0	41.24999999871121	68.75000000128873
55.1	41.249999998716646	68.75000000128328
55.2	41.24999999872208	68.75000000127784
55.300000000000004	41.24999999872752	68.75000000127241
55.400000000000006	41.24999999873295	68.75000000126697
55.5	41.249999998738396	68.75000000126154
55.6	41.24999999874383	68.7500000012561
55.7	41.24999999874927	68.75000000125067
55.800000000000004	41.2499999987547	68.75000000124523
55.900000000000006	41.24999999876014	68.75000000123978
56.0	41.249999998765574	68.75000000123435
56.1	41.24999999877101	68.75000000122891
56.2	41.24999999877645	68.75000000122348
56.300000000000004	41.24999999878189	68.75000000121804
56.400000000000006	41.249999998787324	68.75000000121261
56.5	41.24999999879276	68.75000000120717
56.6	41.249999998798195	68.75000000120173
56.7	41.24999999880363	68.7500000011963
56.800000000000004	41.249999998809066	68.75000000119086
56.900000000000006	41.2499999988145	68.75000000118543
57.0	41.249999998819945	68.75000000117998
57.1	41.24999999882538	68.75000000117456
57.2	41.249999998830816	68.75000000116911
57.300000000000004	41.24999999883625	68.75000000116368
57.400000000000006	41.24999999884169	68.75000000115824
57.5	41.24999999884712	68.7500000011528
57.6	41.24999999885256	68.75000000114737
57.7	41.249999998857994	68.75000000114193
57.800000000000004	41.24999999886344	68.7500000011365
57.900000000000006	41.24999999886887	68.75000000113106
58.0	41.24999999887431	68.75000000112563
58.1	41.249999998879744	68.75000000112018
58.2	41.24999999888518	68.75000000111474
58.300000000000004	41.249999998890615	68.75000000110931
58.400000000000006	41.24999999889605	68.75000000110387
58.5	41.24999999890149	68.75000000109844
58.6	41.24999999890693	68.750000001093
58.7	41.249999998912365	68.75000000108757
58.800000000000004	41.2499999989178	68.75000000108213
58.900000000000006	41.249999998923236	68.7500000010767
59.0	41.24999999892867	68.75000000107126
59.1	41.24999999893411	68.75000000106581
59.2	41.24999999893954	68.75000000106039
59.300000000000004	41.249999998944986	68.75000000105494
59.400000000000006	41.24999999895042	68.75000000104951
59.5	41.24999999895586	68.75000000104407
59.6	41.24999999896129	68.75000000103864
59.7	41.24999999896673	68.7500000010332
59.800000000000004	41.249999998972164	68.75000000102776
59.900000000000006	41.2499999989776	68.75000000102233
60.0	41.249999998983036	68.75000000101689
60.1	41.24999999898848	68.75000000101146
60.2	41.249999998993914	68.75000000100601
60.300000000000004	41.24999999899935	68.75000000100059
60.400000000000006	41.249999999004785	68.75000000099514
60.5	41.24999999901022	68.7500000009897
60.6	41.24999999901566	68.75000000098427
60.7	41.24999999902109	68.75000000097883
60.800000000000004	41.24999999902653	68.7500000009734
60.900000000000006	41.24999999903197	68.75000000096796
61.0	41.249999999037406	68.75000000096253
61.1	41.24999999904284	68.75000000095709
61.2	41.24999999904828	68.75000000095166
61.300000000000004	41.24999999905371	68.75000000094622
61.400000000000006	41.24999999905915	68.75000000094077
61.5	41.249999999064585	68.75000000093534
61.6	41.24999999907002	68.7500000009299
61.7	41.24999999907546	68.75000000092447
61.800000000000004	41.2499999990809	68.75000000091903
61.900000000000006	41.249999999086334	68.7500000009136
62.0	41.24999999909177	68.75000000090816
62.1	41.249999999097206	68.75000000090272
62.2	41.24999999910264	68.75000000089729
62.300000000000004	41.24999999910808	68.75000000089184
62.400000000000006	41.24999999911352	68.75000000088642
62.5	41.249999999118955	68.75000000088097
62.6	41.24999999912439	68.75000000087554
62.7	41.24999999912983	68.7500000008701
62.800000000000004	41.24999999913526	68.75000000086466
62.900000000000006	41.2499999991407	68.75000000085923
63.0	41.249999999146134	68.75000000085379
63.1	41.24999999915157	68.75000000084836
63.2	41.24999999915701	68.75000000084292
63.300000000000004	41.24999999916245	68.75000000083749
63.400000000000006	41.24999999916788	68.75000000083205
63.5	41.24999999917332	68.75000000082662
63.6	41.249999999178755	68.75000000082117
63.7	41.24999999918419	68.75000000081573
63.800000000000004	41.249999999189626	68.7500000008103
63.900000000000006	41.24999999919506	68.75000000080486
64.0	41.249999999200504	68.75000000079943
64.10000000000001	41.24999999920594	68.75000000079399
64.2	41.249999999211376	68.75000000078856
64.3	41.24999999921681	68.75000000078312
64.4	41.24999999922225	68.75000000077767
64.5	41.24999999922768	68.75000000077225
64.60000000000001	41.24999999923312	68.7500000007668
64.7	41.249999999238554	68.75000000076137
64.8	41.249999999244	68.75000000075593
64.9	41.24999999924943	68.7500000007505
65.0	41.24999999925487	68.75000000074506
65.10000000000001	41.249999999260304	68.75000000073963
65.2	41.24999999926574	68.75000000073419
65.3	41.249999999271175	68.75000000072875
65.4	41.24999999927661	68.75000000072332
65.5	41.24999999928205	68.75000000071788
65.60000000000001	41.24999999928749	68.75000000071245
65.7	41.249999999292925	68.750000000707
65.8	41.24999999929836	68.75000000070158
65.9	41.249999999303796	68.75000000069613
66.0	41.24999999930923	68.75000000069069
66.10000000000001	41.24999999931467	68.75000000068526
66.2	41.2499999993201	68.75000000067982
66.3	41.249999999325546	68.75000000067439
66.4	41.24999999933098	68.75000000066895
66.5	41.24999999933642	68.75000000066352
66.60000000000001	41.24999999934185	68.75000000065808
66.7	41.24999999934729	68.75000000065263
66.8	41.249999999352724	68.7500000006472
66.9	41.24999999935816	68.75000000064176
67.0	41.249999999363595	68.75000000063633
67.10000000000001	41.24999999936904	68.75000000063089
67.2	41.249999999374474	68.75000000062546
67.3	41.24999999937991	68.75000000062002
67.4	41.249999999385345	68.75000000061459
67.5	41.24999999939078	68.75000000060915
67.60000000000001	41.249999999396216	68.7500000006037
67.7	41.24999999940165	68.75000000059828
67.8	41.24999999940709	68.75000000059283
67.9	41.24999999941253	68.7500000005874
68.0	41.249999999417966	68.75000000058196
68.10000000000001	41.2499999994234	68.75000000057653
68.2	41.24999999942884	68.75000000057109
68.3	41.24999999943427	68.75000000056565
68.4	41.24999999943971	68.75000000056022
68.5	41.249999999445144	68.75000000055478
68.60000000000001	41.24999999945059	68.75000000054935
68.7	41.24999999945602	68.7500000005439
68.8	41.24999999946146	68.75000000053848
68.9	41.249999999466894	68.75000000053303
69.0	41.24999999947233	68.75000000052759
69.10000000000001	41.249999999477765	68.75000000052216
69.2	41.2499999994832	68.75000000051672
69.3	41.24999999948864	68.75000000051129
69.4	41.24999999949408	68.75000000050585
69.5	41.249999999499515	68.75000000050042
69.60000000000001	41.24999999950495	68.75000000049498
69.7	41.249999999510386	68.75000000048955
69.8	41.24999999951582	68.7500000004841
69.9	41.24999999952126	68.75000000047866
70.0	41.24999999952669	68.75000000047324
70.10000000000001	41.24999999953213	68.7500000004678
70.2	41.24999999953757	68.75000000046236
70.3	41.24999999954301	68.75000000045692
70.4	41.24999999954844	68.7500000004515
70.5	41.24999999955388	68.75000000044605
70.60000000000001	41.249999999559314	68.75000000044061
70.7	41.24999999956475	68.75000000043518
70.8	41.249999999570186	68.75000000042974
70.9	41.24999999957562	68.75000000042431
71.0	41.249999999581064	68.75000000041886
71.10000000000001	41.2499999995865	68.75000000041344
71.2	41.249999999591935	68.750000000408
71.3	41.24999999959737	68.75000000040255
71.4	41.24999999960281	68.75000000039712
71.5	41.24999999960824	68.75000000039168
71.60000000000001	41.24999999961368	68.75000000038625
71.7	41.24999999961912	68.75000000038081
71.8	41.249999999624556	68.75000000037538
71.9	41.24999999962999	68.75000000036994
72.0	41.24999999963543	68.75000000036451
72.10000000000001	41.24999999964086	68.75000000035907
72.2	41.2499999996463	68.75000000035362
72.3	41.249999999651735	68.7500000003482
72.4	41.24999999965717	68.75000000034275
72.5	41.24999999966261	68.75000000033732
72.60000000000001	41.24999999966805	68.75000000033188
72.7	41.249999999673484	68.75000000032645
72.8	41.24999999967892	68.75000000032101
72.9	41.249999999684356	68.75000000031557
73.0	41.24999999968979	68.75000000031014
73.10000000000001	41.24999999969523	68.7500000003047
73.2	41.24999999970066	68.75000000029927
73.3	41.249999999706105	68.75000000029382
73.4	41.24999999971154	68.7500000002884
73.5	41.24999999971698	68.75000000028295
73.60000000000001	41.24999999972241	68.75000000027752
73.7	41.24999999972785	68.75000000027208
73.8	41.249999999733284	68.75000000026664
73.9	41.24999999973872	68.75000000026121
74.0	41.249999999744155	68.75000000025577
74.10000000000001	41.2499999997496	68.75000000025034
74.2	41.24999999975503	68.7500000002449
74.3	41.24999999976047	68.75000000023947
74.4	41.249999999765905	68.75000000023402
74.5	41.24999999977134	68.75000000022858
74.60000000000001	41.249999999776776	68.75000000022315
74.7	41.24999999978221	68.75000000021771
74.8	41.249999999787654	68.75000000021228
74.9	41.24999999979309	68.75000000020684
75.0	41.249999999798526	68.75000000020141
75.10000000000001	41.24999999980396	68.75000000019597
75.2	41.2499999998094	68.75000000019052
75.3	41.24999999981483	68.7500000001851
75.4	41.24999999982027	68.75000000017965
75.5	41.249999999825704	68.75000000017423
75.60000000000001	41.24999999983115	68.75000000016878
75.7	41.24999999983658	68.75000000016335
75.8	41.24999999984202	68.75000000015791
75.9	41.249999999847454	68.75000000015248
76.0	41.24999999985289	68.75000000014704
76.10000000000001	41.249999999858325	68.7500000001416
76.2	41.24999999986376	68.75000000013617
76.3	41.249999999869196	68.75000000013073
76.4	41.24999999987464	68.7500000001253
76.5	41.249999999880075	68.75000000011985
76.60000000000001	41.24999999988551	68.75000000011443
76.7	41.249999999890946	68.75000000010898
76.80000000000001	41.24999999989638	68.75000000010354
76.9	41.24999999990182	68.75000000009811
77.0	41.24999999990725	68.75000000009267
77.10000000000001	41.24999999991269	68.75000000008724
77.2	41.24999999991813	68.7500000000818
77.30000000000001	41.24999999992357	68.75000000007637
77.4	41.249999999929	68.75000000007093
77.5	41.24999999993209	68.75000000006784
77.60000000000001	41.249999999932264	68.75000000006767
77.7	41.249999999932434	68.7500000000675
77.80000000000001	41.2499999999326	68.75000000006733
77.9	41.24999999993277	68.75000000006716
78.0	41.24999999993294	68.75000000006699
78.10000000000001	41.24999999993311	68.75000000006682
78.2	41.24999999993328	68.75000000006665
78.30000000000001	41.24999999993345	68.75000000006648
78.4	41.24999999993362	68.75000000006631
78.5	41.24999999993379	68.75000000006614
78.60000000000001	41.24999999993396	68.75000000006597
78.7	41.24999999993413	68.7500000000658
78.80000000000001	41.2499999999343	68.75000000006563
78.9	41.249999999934474	68.75000000006546
79.0	41.249999999934644	68.75000000006528
79.10000000000001	41.249999999934815	68.75000000006511
79.2	41.249999999934985	68.75000000006494
79.30000000000001	41.249999999935156	68.75000000006477
79.4	41.249999999935326	68.7500000000646
79.5	41.2499999999355	68.75000000006443
79.60000000000001	41.24999999993567	68.75000000006426
79.7	41.24999999993584	68.75000000006409
79.80000000000001	41.24999999993601	68.75000000006392
79.9	41.24999999993618	68.75000000006375
80.0	41.24999999993635	68.75000000006358
80.10000000000001	41.24999999993652	68.75000000006341
80.2	41.24999999993669	68.75000000006324
80.30000000000001	41.24999999993686	68.75000000006307
80.4	41.24999999993703	68.7500000000629
80.5	41.2499999999372	68.75000000006273
80.60000000000001	41.24999999993737	68.75000000006256
80.7	41.24999999993754	68.75000000006239
80.80000000000001	41.249999999937714	68.75000000006222
80.9	41.249999999937884	68.75000000006204
81.0	41.249999999938055	68.75000000006187
81.10000000000001	41.249999999938225	68.7500000000617
81.2	41.249999999938396	68.75000000006153
81.30000000000001	41.24999999993857	68.75000000006136
81.4	41.24999999993874	68.75000000006119
81.5	41.24999999993891	68.75000000006102
81.60000000000001	41.24999999993908	68.75000000006085
81.7	41.24999999993925	68.75000000006068
81.80000000000001	41.24999999993942	68.75000000006051
81.9	41.24999999993959	68.75000000006034
82.0	41.24999999993976	68.75000000006017
82.10000000000001	41.24999999993993	68.75000000006
82.2	41.2499999999401	68.75000000005983
82.30000000000001	41.24999999994027	68.75000000005966
82.4	41.24999999994044	68.75000000005949
82.5	41.24999999994061	68.75000000005932
82.60000000000001	41.24999999994078	68.75000000005915
82.7	41.249999999940954	68.75000000005898
82.80000000000001	41.249999999941124	68.7500000000588
82.9	41.249999999941295	68.75000000005863
83.0	41.249999999941465	68.75000000005846
83.10000000000001	41.249999999941636	68.7500000000583
83.2	41.24999999994181	68.75000000005812
83.30000000000001	41.24999999994198	68.75000000005795
83.4	41.24999999994215	68.75000000005778
83.5	41.24999999994232	68.75000000005761
83.60000000000001	41.24999999994249	68.75000000005744
83.7	41.24999999994266	68.75000000005727
83.80000000000001	41.24999999994283	68.7500000000571
83.9	41.249999999943	68.75000000005693
84.0	41.24999999994317	68.75000000005676
84.10000000000001	41.24999999994334	68.75000000005659
84.2	41.24999999994351	68.75000000005642
84.30000000000001	41.24999999994368	68.75000000005625
84.4	41.24999999994385	68.75000000005608
84.5	41.24999999994402	68.7500000000559
84.60000000000001	41.249999999944194	68.75000000005573
84.7	41.24999999994436	68.75000000005556
84.80000000000001	41.24999999994453	68.7500000000554
84.9	41.2499999999447	68.75000000005522
85.0	41.24999999994487	68.75000000005505
85.10000000000001	41.24999999994504	68.75000000005488
85.2	41.24999999994521	68.75000000005471
85.30000000000001	41.24999999994538	68.75000000005454
85.4	41.24999999994555	68.75000000005437
85.5	41.24999999994572	68.7500000000542
85.60000000000001	41.24999999994589	68.75000000005403
85.7	41.24999999994606	68.75000000005386
85.80000000000001	41.24999999994623	68.75000000005369
85.9	41.249999999946404	68.75000000005352
86.0	41.249999999946574	68.75000000005335
86.10000000000001	41.249999999946745	68.75000000005318
86.2	41.249999999946915	68.750000000053
86.30000000000001	41.249999999947086	68.75000000005284
86.4	41.249999999947256	68.75000000005267
86.5	41.24999999994743	68.7500000000525
86.60000000000001	41.2499999999476	68.75000000005232
86.7	41.24999999994777	68.75000000005215
86.80000000000001	41.24999999994794	68.75000000005198
86.9	41.24999999994811	68.75000000005181
87.0	41.24999999994828	68.75000000005164
87.10000000000001	41.24999999994845	68.75000000005147
87.2	41.24999999994862	68.7500000000513
87.30000000000001	41.24999999994879	68.75000000005113
87.4	41.24999999994896	68.75000000005096
87.5	41.24999999994913	68.75000000005079
87.60000000000001	41.2499999999493	68.75000000005062
87.7	41.24999999994947	68.75000000005045
87.80000000000001	41.249999999949644	68.75000000005028
87.9	41.249999999949814	68.75000000005011
88.0	41.249999999949985	68.75000000004994
88.10000000000001	41.249999999950155	68.75000000004977
88.2	41.249999999950326	68.75000000004961
88.30000000000001	41.2499999999505	68.75000000004944
88.4	41.24999999995067	68.75000000004927
88.5	41.24999999995084	68.7500000000491
88.60000000000001	41.24999999995101	68.75000000004893
88.7	41.24999999995118	68.75000000004876
88.80000000000001	41.24999999995135	68.75000000004859
88.9	41.24999999995152	68.75000000004842
89.0	41.24999999995169	68.75000000004825
89.10000000000001	41.24999999995186	68.75000000004808
89.2	41.24999999995203	68.7500000000479
89.30000000000001	41.2499999999522	68.75000000004773
89.4	41.24999999995237	68.75000000004756
89.5	41.24999999995254	68.7500000000474
89.60000000000001	41.24999999995271	68.75000000004722
89.7	41.249999999952884	68.75000000004705
89.80000000000001	41.249999999953054	68.75000000004688
89.9	41.249999999953225	68.75000000004671
90.0	41.249999999953396	68.75000000004654
90.10000000000001	41.249999999953566	68.75000000004637
90.2	41.24999999995374	68.7500000000462
90.30000000000001	41.24999999995391	68.75000000004603
90.4	41.24999999995408	68.75000000004586
90.5	41.24999999995425	68.75000000004569
90.60000000000001	41.24999999995442	68.75000000004552
90.7	41.24999999995459	68.75000000004535
90.80000000000001	41.24999999995476	68.75000000004518
90.9	41.24999999995493	68.750000000045
91.0	41.2499999999551	68.75000000004484
91.10000000000001	41.24999999995527	68.75000000004466
91.2	41.24999999995544	68.7500000000445
91.30000000000001	41.24999999995561	68.75000000004432
91.4	41.24999999995578	68.75000000004415
91.5	41.24999999995595	68.75000000004398
91.60000000000001	41.249999999956124	68.75000000004381
91.7	41.24999999995629	68.75000000004364
91.80000000000001	41.24999999995646	68.75000000004347
91.9	41.24999999995663	68.7500000000433
92.0	41.2499999999568	68.75000000004313
92.10000000000001	41.24999999995697	68.75000000004296
92.2	41.24999999995714	68.75000000004279
92.30000000000001	41.24999999995731	68.75000000004262
92.4	41.24999999995748	68.75000000004245
92.5	41.24999999995765	68.75000000004228
92.60000000000001	41.24999999995782	68.7500000000421
92.7	41.24999999995799	68.75000000004194
92.80000000000001	41.24999999995816	68.75000000004177
92.9	41.249999999958334	68.7500000000416
93.0	41.249999999958504	68.75000000004142
93.10000000000001	41.249999999958675	68.75000000004125
93.2	41.249999999958845	68.75000000004108
93.30000000000001	41.249999999959016	68.75000000004091
93.4	41.249999999959186	68.75000000004074
93.5	41.24999999995936	68.75000000004057
93.60000000000001	41.24999999995953	68.7500000000404
93.7	41.2499999999597	68.75000000004023
93.80000000000001	41.24999999995987	68.75000000004006
93.9	41.24999999996004	68.75000000003989
94.0	41.24999999996021	68.75000000003972
94.10000000000001	41.24999999996038	68.75000000003955
94.2	41.24999999996055	68.75000000003938
94.30000000000001	41.24999999996072	68.75000000003921
94.4	41.24999999996089	68.75000000003904
94.5	41.24999999996106	68.75000000003887
94.60000000000001	41.24999999996123	68.7500000000387
94.7	41.2499999999614	68.75000000003853
94.80000000000001	41.249999999961574	68.75000000003836
94.9	41.249999999961744	68.75000000003818
95.0	41.249999999961915	68.75000000003801
95.10000000000001	41.249999999962085	68.75000000003784
95.2	41.249999999962256	68.75000000003767
95.30000000000001	41.24999999996243	68.7500000000375
95.4	41.2499999999626	68.75000000003733
95.5	41.24999999996277	68.75000000003716
95.60000000000001	41.24999999996294	68.75000000003699
95.7	41.24999999996311	68.75000000003682
95.80000000000001	41.24999999996328	68.75000000003665
95.9	41.24999999996345	68.75000000003648
96.0	41.24999999996362	68.75000000003631
96.10000000000001	41.24999999996379	68.75000000003614
96.2	41.24999999996396	68.75000000003597
96.30000000000001	41.24999999996413	68.7500000000358
96.4	41.2499999999643	68.75000000003563
96.5	41.24999999996447	68.75000000003546
96.60000000000001	41.24999999996464	68.75000000003529
96.7	41.249999999964814	68.75000000003512
96.80000000000001	41.249999999964984	68.75000000003494
96.9	41.249999999965155	68.75000000003477
97.0	41.249999999965326	68.7500000000346
97.10000000000001	41.249999999965496	68.75000000003443
97.2	41.24999999996567	68.75000000003426
97.30000000000001	41.24999999996584	68.75000000003409
97.4	41.24999999996601	68.75000000003392
97.5	41.24999999996618	68.75000000003375
97.60000000000001	41.24999999996635	68.75000000003358
97.7	41.24999999996652	68.75000000003341
97.80000000000001	41.24999999996669	68.75000000003324
97.9	41.24999999996686	68.75000000003307
98.0	41.24999999996703	68.7500000000329
98.10000000000001	41.2499999999672	68.75000000003273
98.2	41.24999999996737	68.75000000003256
98.30000000000001	41.24999999996754	68.75000000003239
98.4	41.24999999996771	68.75000000003222
98.5	41.24999999996788	68.75000000003205
98.60000000000001	41.24999999996805	68.75000000003187
98.7	41.24999999996822	68.7500000000317
98.80000000000001	41.24999999996839	68.75000000003153
98.9	41.24999999996856	68.75000000003136
99.0	41.24999999996873	68.75000000003119
99.10000000000001	41.2499999999689	68.75000000003102
99.2	41.24999999996907	68.75000000003085
99.30000000000001	41.24999999996924	68.75000000003068
99.4	41.24999999996941	68.75000000003051
99.5	41.24999999996958	68.75000000003034
99.60000000000001	41.24999999996975	68.75000000003017
99.7	41.24999999996992	68.75000000003
99.80000000000001	41.24999999997009	68.75000000002983
99.9	41.249999999970264	68.75000000002966
100.0	41.249999999970434	68.75000000002949
