time	X	Y	Z
0.0	1.0	0.7	0.0
0.1	1.0	0.6991067142714665	0.006536301660378234
0.2	1.0	0.6982267278280508	0.012974958125414531
0.30000000000000004	1.0	0.6973598426777871	0.019317426821673176
0.4	1.0	0.696505863771678	0.025565143486680906
0.5	1.0	0.695664598963604	0.0317195224641335
0.6000000000000001	1.0	0.6948358589677512	0.037781957017382545
0.7000000000000001	1.0	0.6940194573161897	0.043753819641824156
0.8	1.0	0.6932152103170107	0.04963646237319581
0.9	1.0	0.692422937013038	0.05543121709166061
1.0	1.0	0.6916424591411123	0.061139395821674554
1.1	1.0	0.6908736010920052	0.06676229102724503
1.2000000000000002	1.0	0.6901161898709098	0.07230117590294843
1.3	1.0	0.6893700550585231	0.07775730466060209
1.4000000000000001	1.0	0.6886350287727043	0.0831319128117119
1.5	1.0	0.6879109456307059	0.08842621744571272
1.6	1.0	0.6871976427119618	0.09364141750411055
1.7000000000000002	1.0	0.6864949595214348	0.0987786940505345
1.8	1.0	0.6858027379535042	0.10383921053679437
1.9000000000000001	1.0	0.6851208222563947	0.1088241130649888
2.0	1.0	0.684449058997134	0.11373453064571556
2.1	1.0	0.6837872970270293	0.11857157545246762
2.2	1.0	0.683135387447662	0.12333634307223125
2.3000000000000003	1.0	0.6824931835773851	0.12802991275238348
2.4000000000000004	1.0	0.6818605409183214	0.13265334764390632
2.5	1.0	0.6812373171238517	0.13720769504101313
2.6	1.0	0.6806233719665876	0.14169398661719732
2.7	1.0	0.6800185673068221	0.14611323865778175
2.8000000000000003	1.0	0.6794227670614466	0.15046645228902644
2.9000000000000004	1.0	0.6788358371733355	0.1547546137038154
3.0	1.0	0.6782576455811822	0.15897869438401085
3.1	1.0	0.6776880621897858	0.163139651319496
3.2	1.0	0.6771269588407826	0.16723842722395524
3.3000000000000003	1.0	0.6765742092838077	0.17127595074748048
3.4000000000000004	1.0	0.6760296891480913	0.17525313668598802
3.5	1.0	0.6754932759144755	0.17917088618753446
3.6	1.0	0.6749648488878481	0.1830300869555793
3.7	1.0	0.6744442891699859	0.1868316134492217
3.8000000000000003	1.0	0.6739314796328034	0.19057632708045466
3.9000000000000004	1.0	0.6734263048920004	0.1942650764084997
4.0	1.0	0.6729286512810999	0.1978986973312489
4.1000000000000005	1.0	0.672438406825874	0.20147801327386605
4.2	1.0	0.6719554612191494	0.20500383537458833
4.3	1.0	0.6714797057959898	0.208476962667758
4.4	1.0	0.671011033509246	0.21189818226413984
4.5	1.0	0.6705493389054723	0.2152682695285554
4.6000000000000005	1.0	0.670094518101196	0.21858798825489809
4.7	1.0	0.669646468759548	0.22185809083851335
4.800000000000001	1.0	0.6692050900672355	0.22507931844604095
4.9	1.0	0.6687702827118593	0.22825240118272852
5.0	1.0	0.66834194885957	0.23137805825725155
5.1000000000000005	1.0	0.6679199921330534	0.2344569981440945
5.2	1.0	0.6675043175898493	0.23748991874349978
5.300000000000001	1.0	0.6670948317009865	0.2404775075390686
5.4	1.0	0.6666914423299395	0.2434204417529968
5.5	1.0	0.6662940568683032	0.24631940204847727
5.6000000000000005	1.0	0.6659025877048188	0.24917503233441193
5.7	1.0	0.6655169467580399	0.25198797995070626
5.800000000000001	1.0	0.6651370472578486	0.2547588825742963
5.9	1.0	0.664762803725936	0.2574883683631645
6.0	1.0	0.6643941319565676	0.2601770560982457
6.1000000000000005	1.0	0.6640309489976401	0.26282555532319757
6.2	1.0	0.663673173132017	0.2654344664821006
6.300000000000001	1.0	0.6633207238591432	0.26800438105511265
6.4	1.0	0.6629735218769344	0.27053588169210335
6.5	1.0	0.6626314890639339	0.2730295423443003
6.6000000000000005	1.0	0.6622945484617365	0.2754859283939755
6.7	1.0	0.6619626242576733	0.2779055967822143
6.800000000000001	1.0	0.6616356417677555	0.28028909613476244
6.9	1.0	0.6613135274198702	0.28263696688602186
7.0	1.0	0.6609962087372282	0.28494974140118834
7.1000000000000005	1.0	0.6606836143220572	0.28722794409657876
7.2	1.0	0.6603756738395381	0.28947209155816567
7.300000000000001	1.0	0.6600723180019799	0.29168269265834695
7.4	1.0	0.659773478553231	0.293860248670978
7.5	1.0	0.6594790882533226	0.2960052533846962
7.6000000000000005	1.0	0.6591890808633393	0.29811819321455485
7.7	1.0	0.6589033911305159	0.30019954731199844
7.800000000000001	1.0	0.6586219547735578	0.3022497876731933
7.9	1.0	0.6583447084681766	0.30426937924575737
8.0	1.0	0.6580715898328431	0.3062587800338959
8.1	1.0	0.6578025374147518	0.3082184412019695
8.200000000000001	1.0	0.657537490675995	0.3101488071765232
8.3	1.0	0.6572763899799416	0.3120503157467981
8.4	1.0	0.6570191765778199	0.3139233981637455
8.5	1.0	0.6567657925954995	0.31576847923756185
8.6	1.0	0.6565161810204695	0.3175859774337819
8.700000000000001	1.0	0.6562702856890114	0.31937630496793
8.8	1.0	0.6560280512735635	0.32113986789876836
8.9	1.0	0.6557894232702701	0.32287706622015766
9.0	1.0	0.655554347986722	0.3245882939515443
9.1	1.0	0.6553227725298731	0.32627393922710346
9.200000000000001	1.0	0.6550946447941416	0.3279343843835548
9.3	1.0	0.6548699134496853	0.32957000604667125
9.4	1.0	0.6546485279308535	0.3311811752164938
9.5	1.0	0.6544304384248102	0.3327682573512828
9.600000000000001	1.0	0.6542155958603253	0.33433161245021786
9.700000000000001	1.0	0.6540039518967353	0.3358715951348607
9.8	1.0	0.6537954589130662	0.3373885547294117
9.9	1.0	0.6535900699973193	0.3388828353397662
10.0	1.0	0.6533877389359154	0.34035477593139307
10.100000000000001	1.0	0.6531884202032985	0.3418047104060553
10.200000000000001	1.0	0.6529920689516913	0.3432329676773849
10.3	1.0	0.6527986410010054	0.3446398717453333
10.4	1.0	0.6526080928289011	0.34602574176951306
10.5	1.0	0.6524203815609945	0.3473908921414436
10.600000000000001	1.0	0.6522354649612114	0.34873563255572193
10.700000000000001	1.0	0.6520533014222847	0.35006026808013424
10.8	1.0	0.6518738499563922	0.3513650992247208
10.9	1.0	0.6516970701859343	0.3526504220098128
11.0	1.0	0.6515229223344504	0.3539165280330508
11.100000000000001	1.0	0.6513513672176684	0.3551637045354122
11.200000000000001	1.0	0.6511823662346885	0.3563922344662472
11.3	1.0	0.6510158813592984	0.35760239654734693
11.4	1.0	0.6508518751314175	0.35879446533606196
11.5	1.0	0.6506903106486682	0.3599687112874703
11.600000000000001	1.0	0.6505311515580732	0.36112540081562733
11.700000000000001	1.0	0.6503743620478762	0.3622647963538974
11.8	1.0	0.6502199068394844	0.363387156414388
11.9	1.0	0.6500677511795305	0.3644927356464964
12.0	1.0	0.6499178608320542	0.3655817848945859
12.100000000000001	1.0	0.6497702020707982	0.3666545512547977
12.200000000000001	1.0	0.6496247416716205	0.36771127813102095
12.3	1.0	0.6494814469050185	0.36875220529002345
12.4	1.0	0.6493402855287658	0.3697775689157627
12.5	1.0	0.6492012257806569	0.3707876016628871
12.600000000000001	1.0	0.6490642363713609	0.37178253270943756
12.700000000000001	1.0	0.6489292864773823	0.37276258780876587
12.8	1.0	0.6487963457341246	0.37372798934067486
12.9	1.0	0.6486653842290587	0.374678956361799
13.0	1.0	0.6485363724949933	0.3756157046552321
13.100000000000001	1.0	0.6484092815034441	0.3765384467794151
13.200000000000001	1.0	0.6482840826581027	0.3774473921162961
13.3	1.0	0.6481607477884022	0.37834274691876796
13.4	1.0	0.648039249143179	0.37922471435740285
13.5	1.0	0.6479195593844288	0.3800934945664871
13.600000000000001	1.0	0.6478016515811559	0.3809492846893689
13.700000000000001	1.0	0.6476854992033134	0.3817922789231301
13.8	1.0	0.6475710761158341	0.38262266856259314
13.9	1.0	0.6474583565727495	0.3834406420436691
14.0	1.0	0.6473473152113984	0.38424638498605973
14.100000000000001	1.0	0.6472379270467188	0.38504008023532277
14.200000000000001	1.0	0.6471301674656269	0.38582190790430837
14.3	1.0	0.6470240122214795	0.3865920454139798
14.4	1.0	0.6469194374286176	0.387350667533622
14.5	1.0	0.6468164195569933	0.38809794642045103
14.600000000000001	1.0	0.6467149354268745	0.38883405165863516
14.700000000000001	1.0	0.6466149622036301	0.38955915029772764
14.8	1.0	0.646516477392592	0.39027340689053375
14.9	1.0	0.6464194588339932	0.3909769835304055
15.0	1.0	0.6463238846979829	0.3916700398879845
15.100000000000001	1.0	0.6462297334797144	0.39235273324739284
15.200000000000001	1.0	0.6461369839945058	0.3930252185418881
15.3	1.0	0.6460456153730746	0.3936876483889818
15.4	1.0	0.645955607056841	0.394340173125037
15.5	1.0	0.6458669387933028	0.39498294083934704
15.600000000000001	1.0	0.6457795906314782	0.39561609740770903
15.700000000000001	1.0	0.6456935429174174	0.39623978652548986
15.8	1.0	0.6456087762897795	0.3968541497402062
15.9	1.0	0.6455252716754776	0.3974593264836122
16.0	0.0	0.645443004345161	0.3980554363343645
16.1	0.0	0.6358336158508345	0.39212916661842523
16.2	0.0	0.6263672927294746	0.386291127697579
16.3	0.0	0.6170419050061554	0.3805400059808614
16.400000000000002	0.0	0.6078553544246939	0.3748745074387843
16.5	0.0	0.5988055739679287	0.3692933573074839
16.6	0.0	0.5898905273926288	0.36379529980189146
16.7	0.0	0.5811082087713342	0.3583790978331775
16.8	0.0	0.5724566420410051	0.3530435327303983
16.900000000000002	0.0	0.5639338805584039	0.3477874039662909
17.0	0.0	0.5555380066620877	0.3426095288871472
17.1	0.0	0.5472671312409243	0.3375087424467108
17.2	0.0	0.5391193933090328	0.3324838969440354
17.3	0.0	0.5310929595870538	0.32753386176524724
17.400000000000002	0.0	0.5231860240896519	0.3226575231291516
17.5	0.0	0.5153968077191586	0.3178537838366245
17.6	0.0	0.5077235578652661	0.3131215630237386
17.7	0.0	0.5001645480106834	0.30845979591856354
17.8	0.0	0.49271807734265866	0.3038674336015857
17.900000000000002	0.0	0.4853824703702877	0.2993434427696965
18.0	0.0	0.478156076547522	0.2948868055036945
18.1	0.0	0.4710372699017853	0.29049651903924717
18.2	0.0	0.46402444866812337	0.2861715955412656
18.3	0.0	0.45711603492879654	0.2819110618816344
18.400000000000002	0.0	0.4503104742582412	0.2777139594202539
18.5	0.0	0.4436062353733162	0.2735793437893413
18.6	0.0	0.4370018097887566	0.26950628468094345
18.7	0.0	0.43049571147775534	0.26549386563761157
18.8	0.0	0.4240864765376005	0.2615411838461943
18.900000000000002	0.0	0.4177726628602894	0.25764734993469995
19.0	0.0	0.4115528498080479	0.2538114877721841
19.1	0.0	0.4054256378936781	0.2500327342716142
19.200000000000003	0.0	0.39938964846566655	0.24631023919567124
19.3	0.0	0.3934435233979823	0.24264316496544222
19.400000000000002	0.0	0.38758592478448856	0.2390306864719594
19.5	0.0	0.3818155346379102	0.23547199089054838
19.6	0.0	0.37613105459327717	0.2319662774979367
19.700000000000003	0.0	0.3705312056157871	0.2285127574920876
19.8	0.0	0.3650147277130161	0.2251106538147161
19.900000000000002	0.0	0.3595803796514112	0.2217592009764448
20.0	0.0	0.3542269386770111	0.21845764488456784
20.1	0.0	0.34895320024031595	0.2152052426733737
20.200000000000003	0.0	0.34375797772526023	0.2120012625369979
20.3	0.0	0.33864010218221513	0.20884498356476133
20.400000000000002	0.0	0.333598422064972	0.20573569557896373
20.5	0.0	0.32863180297163747	0.20267269897508913
20.6	0.0	0.32373912738938515	0.19965530456438998
20.700000000000003	0.0	0.3189192944430118	0.19668283341881784
20.8	0.0	0.31417121964723466	0.19375461671826077
20.900000000000002	0.0	0.3094938346626748	0.19086999560005416
21.0	0.0	0.3048860870554773	0.1880283210107347
21.1	0.0	0.3003469400605065	0.18522895355999894
21.200000000000003	0.0	0.2958753723480704	0.1824712633768383
21.3	0.0	0.2914703777941138	0.17975462996781302
21.400000000000002	0.0	0.2871309652538371	0.17707844207743983
21.5	0.0	0.2828561583386836	0.17444209755065557
21.6	0.0	0.2786449951966453	0.17184500319732854
21.700000000000003	0.0	0.27449652829584326	0.1692865746587889
21.8	0.0	0.2704098242113268	0.16676623627634404
21.900000000000002	0.0	0.26638396341504833	0.16428342096175264
22.0	0.0	0.2624180400689651	0.16183757006962715
22.1	0.0	0.25851116182122075	0.1594281332717353
22.200000000000003	0.0	0.25466244960536183	0.15705456843317392
22.3	0.0	0.2508710374425431	0.15471634149038538
22.400000000000002	0.0	0.2471360722466775	0.1524129263309906
22.5	0.0	0.24345671363248836	0.15014380467541144
22.6	0.0	0.2398321337264176	0.1479084659602548
22.700000000000003	0.0	0.23626151698035022	0.14570640722343325
22.8	0.0	0.23274405998811157	0.1435371329909959
22.900000000000002	0.0	0.22927897130469788	0.14140015516564494
23.0	0.0	0.2258654712681959	0.13929499291691053
23.1	0.0	0.2225027918243552	0.13722117257296146
23.200000000000003	0.0	0.21919017635377278	0.13517822751402717
23.3	0.0	0.21592687950164927	0.13316569806740552
23.400000000000002	0.0	0.2127121670100804	0.1311831314040342
23.5	0.0	0.20954530256010495	0.12923007342376264
23.6	0.0	0.20642558648112141	0.12730609262809342
23.700000000000003	0.0	0.20335231682783608	0.12541075611568855
23.8	0.0	0.2003248021054945	0.12354363743023151
23.900000000000002	0.0	0.1973423611142931	0.12170431646447308
24.0	0.0	0.19440432279610953	0.11989237936570761
24.1	0.0	0.19151002608351336	0.11810741844265532
24.200000000000003	0.0	0.1886588197510252	0.11634903207373132
24.3	0.0	0.1858500622685893	0.1146168246166798
24.400000000000002	0.0	0.18308312165722998	0.1129104063195548
24.5	0.0	0.18035737534685475	0.11122939323302522
24.6	0.0	0.1776722100361745	0.1095734071239851
24.700000000000003	0.0	0.17502702155471164	0.10794207539045175
24.8	0.0	0.17242121472685953	0.10633503097772926
24.900000000000002	0.0	0.16985420323796785	0.10475191229582054
25.0	0.0	0.16732540950242125	0.1031923631380698
25.1	0.0	0.16483426453368122	0.10165603260101483
25.200000000000003	0.0	0.1623802078162643	0.10014257500543401
25.3	0.0	0.1599626871796248	0.09865164981856771
25.400000000000002	0.0	0.15758115867391562	0.09718292157749775
25.5	0.0	0.15523508644759978	0.09573605981366848
25.6	0.0	0.15292394262688183	0.09431073897853029
25.700000000000003	0.0	0.1506472071969367	0.09290663837029119
25.8	0.0	0.1484043678849054	0.09152344206175848
25.900000000000002	0.0	0.14619492004463255	0.09016083882925445
26.0	0.0	0.14401836654312133	0.08881852208259124
26.1	0.0	0.14187421764867691	0.08749618979608696
26.200000000000003	0.0	0.1397619909207171	0.08619354444061024
26.3	0.0	0.13768121110122222	0.08491029291663552
26.400000000000002	0.0	0.13563141000780118	0.08364614648829494
26.5	0.0	0.13361212642835052	0.08240082071841302
26.6	0.0	0.13162290601728072	0.08117403540450764
26.700000000000003	0.0	0.12966330119328817	0.07996551451574432
26.8	0.0	0.1277328710386484	0.07877498613082864
26.900000000000002	0.0	0.12583118120000908	0.07760218237682376
27.0	0.0	0.12395780379066064	0.07644683936887883
27.1	0.0	0.12211231729426048	0.07530869715085442
27.200000000000003	0.0	0.12029430646999198	0.07418749963683224
27.3	0.0	0.11850336225913417	0.07308299455349529
27.400000000000002	0.0	0.11673908169302341	0.07199493338336616
27.5	0.0	0.11500106780238452	0.07092307130889013
27.6	0.0	0.11328892952801271	0.0698671671573512
27.700000000000003	0.0	0.11160228163278473	0.06882698334660778
27.8	0.0	0.10994074461497949	0.06780228583163637
27.900000000000002	0.0	0.10830394462289027	0.06679284405187119
28.0	0.0	0.10669151337070755	0.06579843087932788
28.1	0.0	0.10510308805565391	0.06481882256749916
28.200000000000003	0.0	0.10353831127635316	0.0638537987010117
28.3	0.0	0.10199683095241478	0.06290314214603261
28.400000000000002	0.0	0.10047830024521483	0.06196663900141357
28.5	0.0	0.09898237747985765	0.061044078550563395
28.6	0.0	0.09750872606829739	0.0601352532140358
28.700000000000003	0.0	0.09605701443360666	0.059239958502824604
28.8	0.0	0.09462691593537023	0.05835799297235278
28.900000000000002	0.0	0.09321810879619073	0.05748915817714727
29.0	0.0	0.09183027602928885	0.056633258626188863
29.1	0.0	0.09046310536718004	0.055790101738925985
29.200000000000003	0.0	0.08911628919141464	0.05495949780194414
29.3	0.0	0.08778952446336295	0.054141259926280015
29.400000000000002	0.0	0.08648251265603112	0.053335204005371124
29.5	0.0	0.08519495968689257	0.05254114867363191
29.6	0.0	0.08392657585171825	0.05175891526564569
29.700000000000003	0.0	0.08267707575939356	0.050988327775965264
29.8	0.0	0.0814461782677046	0.0502292128195111
29.900000000000002	0.0	0.08023360642008077	0.049481399592559525
30.0	0.0	0.07903908738327915	0.048744719834311646
30.1	0.0	0.07786235238599663	0.04801900778903441
30.200000000000003	0.0	0.07670313665839608	0.04730410016876537
30.3	0.0	0.0755611793725328	0.04659983611657272
30.400000000000002	0.0	0.07443622358366767	0.04590605717036214
30.5	0.0	0.07332801617245419	0.045222607227222524
30.6	0.0	0.07223630778798638	0.04454933250830276
30.700000000000003	0.0	0.07116085279169435	0.04388608152421111
30.8	0.0	0.0701014092020754	0.043232705040930026
30.900000000000002	0.0	0.06905773864024765	0.04258905604623813
31.0	0.0	0.06802960627631457	0.04195498971663234
31.1	0.0	0.06701678077652756	0.04133036338474216
31.200000000000003	0.0	0.06601903425123591	0.04071503650722955
31.3	0.0	0.06503614220361113	0.04010887063316636
31.400000000000002	0.0	0.06406788347913459	0.03951172937288249
31.5	0.0	0.06311404021583761	0.03892347836727824
31.6	0.0	0.062174397795282055	0.03834398525759308
31.700000000000003	0.0	0.06124874479427099	0.03777311965562486
31.8	0.0	0.06033687293727792	0.037210753114392196
31.900000000000002	0.0	0.05943857704958438	0.036656759099233584
32.0	0.0	0.05855367561195049	0.0361110254325314
32.1	0.0	0.06721028360703503	0.037464065968478615
32.2	1.0	0.07573801133673616	0.03916179332884107
32.300000000000004	1.0	0.08413877694608063	0.041179199275125554
32.4	1.0	0.09241447136638518	0.043487218922409546
32.5	1.0	0.10056695666547365	0.046055419140670024
32.6	1.0	0.10859806749509979	0.048853753929969435
32.7	1.0	0.11650961013654643	0.05185366797732536
32.800000000000004	1.0	0.12430336534220673	0.05502864623550808
32.9	1.0	0.1319810866579035	0.05835450972374501
33.0	1.0	0.13954450156197742	0.061809451673962054
33.1	1.0	0.1469953118313284	0.06537396011978133
33.2	1.0	0.15433519391350436	0.06903067007464876
33.300000000000004	1.0	0.1615657993125936	0.07276418207848816
33.4	1.0	0.16868875499001043	0.07656087028872938
33.5	1.0	0.17570566373677018	0.08040869416865727
33.6	1.0	0.18261810449078789	0.0842970214880926
33.7	1.0	0.1894276326884989	0.08821646548170248
33.800000000000004	1.0	0.19613578061196596	0.09215873800627054
33.9	1.0	0.20274405773129606	0.09611651866345082
34.0	1.0	0.20925395104227854	0.10008333906615949
34.1	1.0	0.21566692539915588	0.10405348103012525
34.2	1.0	0.2219844238425065	0.10802188731508736
34.300000000000004	1.0	0.22820786792216838	0.11198408352461946
34.4	1.0	0.23433865801516937	0.11593610983738385
34.5	1.0	0.24037817363858605	0.11987446134690233
34.6	1.0	0.24632777375721068	0.12379603590796419
34.7	1.0	0.2521887970858761	0.1276980885117166
34.800000000000004	1.0	0.25796256238617726	0.13157819133023257
34.9	1.0	0.2636503687556767	0.13543419868287634
35.0	1.0	0.2692534957938211	0.13926421639256256
35.1	1.0	0.27477320390480225	0.14306657464107198
35.2	1.0	0.28021073462944884	0.1468398040425404
35.300000000000004	1.0	0.28556731089538584	0.15058261460839228
35.4	1.0	0.29084413736718356	0.15429387706477193
35.5	1.0	0.2960424017192368	0.15797260572657326
35.6	1.0	0.3011632735793506	0.161617944961061
35.7	1.0	0.3062079051621353	0.16522915589999193
35.800000000000004	1.0	0.3111774315282463	0.16880560486517932
35.9	1.0	0.31607297083976893	0.172346753043935
36.0	1.0	0.3208956246117971	0.17585214726362275
36.1	1.0	0.32564647796026985	0.17932141173447755
36.2	1.0	0.3303265998461139	0.18275424064693796
36.300000000000004	1.0	0.3349370433157574	0.1861503915244351
36.4	1.0	0.3394788457380574	0.18950967924525272
36.5	1.0	0.34395302903770647	0.1928319706579764
36.6	1.0	0.34836059992515506	0.19611717972447745
36.7	1.0	0.352702550123121	0.19936526313252925
36.800000000000004	1.0	0.3569798565897214	0.2025762163271967
36.9	1.0	0.3611934817382811	0.2057500699162679
37.0	1.0	0.36534437365387334	0.20888688641030986
37.1	1.0	0.3694334663066352	0.21198675726255928
37.2	1.0	0.373461679761906	0.21504980017788322
37.300000000000004	1.0	0.37742992038723566	0.2180761566635727
37.4	1.0	0.3813390810563158	0.2210659897978081
37.5	1.0	0.38519004134987184	0.22401948219432632
37.6	1.0	0.388983667753566	0.22693683414419208
37.7	1.0	0.3927208138529505	0.22981826191764798
37.800000000000004	1.0	0.39640232052552515	0.23266399621085326
37.9	1.0	0.4000290161299237	0.2354742807239226
38.0	1.0	0.4036017166922995	0.2382493708581202
38.1	1.0	0.4071212260899225	0.24098953252129673
38.2	1.0	0.4105883362320538	0.2436950410317969
38.300000000000004	1.0	0.41400384233912324	0.2463661859468337
38.400000000000006	1.0	0.4173684981729349	0.24900325301924384
38.5	1.0	0.42068306078941914	0.25160654007836175
38.6	1.0	0.4239482759736962	0.254176350800543
38.7	1.0	0.42716487840786493	0.25671299398970504
38.800000000000004	1.0	0.43033359183629916	0.2592167829149556
38.900000000000006	1.0	0.43345512922847834	0.261688034700535
39.0	1.0	0.43653019293939954	0.264127069763751
39.1	1.0	0.43955947486759833	0.26653421129697646
39.2	1.0	0.4425436566108157	0.26890978479013944
39.300000000000004	1.0	0.44548340961935146	0.2712541175904615
39.400000000000006	1.0	0.4483793953471323	0.2735675384964797
39.5	1.0	0.4512322654005303	0.275850377383656
39.6	1.0	0.45404266168497	0.2781029648591125
39.7	1.0	0.456811216549347	0.28032563194323484
39.800000000000004	1.0	0.45953855292830326	0.2825187097760913
39.900000000000006	1.0	0.4622252844823758	0.28468252934677507
40.0	1.0	0.464872015736069	0.2868174212439499
40.1	1.0	0.4674793422138649	0.2889237154260057
40.2	1.0	0.470047850574209	0.29100174100937215
40.300000000000004	1.0	0.47257811874150524	0.2930518260736549
40.400000000000006	1.0	0.4750707160361423	0.2950742974823598
40.5	1.0	0.4775262033025845	0.29706948071807565
40.6	1.0	0.47994513303555925	0.2990376997310732
40.7	1.0	0.4823280495043608	0.3009792768003538
40.800000000000004	1.0	0.48467548887530926	0.3028945324062671
40.900000000000006	1.0	0.4869879793323803	0.304783785113872
41.0	1.0	0.4892660411960444	0.3066473514662873
41.1	1.0	0.49151018704033395	0.30848554588733074
41.2	1.0	0.49372092180816884	0.3102986805927984
41.300000000000004	1.0	0.49589874292496433	0.31208706550978343
41.400000000000006	1.0	0.49804414041054873	0.3138510082034797
41.5	1.0	0.5001575969894133	0.3155908138109525
41.6	1.0	0.5022395881993235	0.3173067849814008
41.7	1.0	0.5042905824983093	0.31899922182246276
41.800000000000004	1.0	0.5063110413700672	0.3206684218521557
41.900000000000006	1.0	0.5083014194277898	0.32231467995606533
42.0	1.0	0.5102621645164519	0.3239382883494263
42.1	1.0	0.5121937178135727	0.32553953654376444
42.2	1.0	0.5140965139284767	0.327118711317788
42.300000000000004	1.0	0.5159709810000797	0.3286760966922451
42.400000000000006	1.0	0.5178175407932168	0.33021197390847346
42.5	1.0	0.5196366087935387	0.33172662141039666
42.6	1.0	0.5214285943009904	0.3332203148297298
42.7	1.0	0.5231939005219056	0.33469332697417936
42.800000000000004	1.0	0.524932924659723	0.3361459278184324
42.900000000000006	1.0	0.5266460580043567	0.3375783844977452
43.0	1.0	0.528333686020234	0.3389909613039533
43.1	1.0	0.5299961884330237	0.3403839196837388
43.2	1.0	0.5316339393150719	0.34175751823899536
43.300000000000004	1.0	0.5332473071695666	0.3431120127291507
43.400000000000006	1.0	0.5348366550134507	0.3444476560753074
43.5	1.0	0.5364023404590977	0.3457646983660744
43.6	1.0	0.5379447157947745	0.3470633868649716
43.7	1.0	0.5394641280639039	0.3483439660192949
43.800000000000004	1.0	0.5409609191431486	0.3496066774703371
43.900000000000006	1.0	0.5424354258193327	0.3508517600648659
44.0	1.0	0.5438879798652163	0.35207944986776796
44.1	1.0	0.5453189081141446	0.35328998017577207
44.2	1.0	0.5467285325335844	0.3544835815321704
44.300000000000004	1.0	0.5481171702975651	0.3556604817424621
44.400000000000006	1.0	0.5494851338580425	0.3568209058908477
44.5	1.0	0.5508327310151993	0.35796507635750696
44.6	1.0	0.5521602649866998	0.35909321283660006
44.7	1.0	0.553468034475913	0.36020553235492675
44.800000000000004	1.0	0.55475633373912	0.361302249291197
44.900000000000006	1.0	0.5560254526517223	0.36238357539585275
45.0	1.0	0.5572756767734608	0.36344971981139673
45.1	1.0	0.5585072874126683	0.36450088909318146
45.2	1.0	0.5597205616895627	0.36553728723061474
45.300000000000004	1.0	0.560915772598598	0.36655911566874033
45.400000000000006	1.0	0.5620931890698891	0.3675665733301593
45.5	1.0	0.5632530760297199	0.368559856637251
45.6	1.0	0.5643956944601514	0.369539159534665
45.7	1.0	0.5655213014577419	0.37050467351204885
45.800000000000004	1.0	0.5666301502913947	0.3714565876269842
45.900000000000006	1.0	0.5677224904593425	0.3723950885281029
46.0	1.0	0.568798567745284	0.3733203604783561
46.1	1.0	0.5698586242736864	0.37423258537841386
46.2	1.0	0.570902898564263	0.3751319427901694
46.300000000000004	1.0	0.5719316255856387	0.37601860996032793
46.400000000000006	1.0	0.5729450368082191	0.37689276184406045
46.5	1.0	0.5739433602562706	0.3777545711287031
46.6	1.0	0.5749268205592276	0.37860420825748264
46.7	1.0	0.575895639002232	0.3794418414532532
46.800000000000004	1.0	0.5768500335759236	0.380267636742228
46.900000000000006	1.0	0.5777902190254873	0.3810817579776901
47.0	1.0	0.5787164068989723	0.3818843668636722
47.1	1.0	0.5796288055948888	0.38267562297858726
47.2	1.0	0.5805276204090993	0.38345568379880224
47.300000000000004	1.0	0.5814130535810094	0.38422470472214176
47.400000000000006	1.0	0.5822853043390717	0.38498283909131137
47.5	1.0	0.583144568945613	0.38573023821723124
47.6	1.0	0.5839910407409946	0.3864670514022708
47.7	1.0	0.5848249101871115	0.3871934259633738
47.800000000000004	1.0	0.5856463649102488	0.3879095072550709
47.900000000000006	1.0	0.5864555897432971	0.38861543869236637
48.0	1.0	0.5872527667673395	0.38931136177349607
48.1	0.0	0.5880380468911812	0.38999739246744536
48.2	0.0	0.5792833335866814	0.38419110939000556
48.300000000000004	0.0	0.5706589608038345	0.3784712704871327
48.400000000000006	0.0	0.5621629880277551	0.37283658877450765
48.5	0.0	0.5537935036340152	0.36728579642848186
48.6	0.0	0.5455486244585329	0.36181764450081877
48.7	0.0	0.537426495373849	0.35643090263767363
48.800000000000004	0.0	0.5294252888717138	0.3511243588027578
48.900000000000006	0.0	0.5215432046518943	0.34589681900462765
49.0	0.0	0.5137784692171029	0.3407471070280341
49.1	0.0	0.5061293354739472	0.3356740641692656
49.2	0.0	0.49859408233983643	0.33067654897544146
49.300000000000004	0.0	0.49117101435572225	0.3257534369876744
49.400000000000006	0.0	0.48385846130461974	0.32090362048806687
49.5	0.0	0.47665477783580223	0.3161260082504704
49.6	0.0	0.4695583430945942	0.31141952529495737
49.7	0.0	0.4625675603576628	0.3067831126459401
49.800000000000004	0.0	0.455680856673764	0.3022157270939071
49.900000000000006	0.0	0.44889668250981096	0.29771634096068933
50.0	0.0	0.442213511402228	0.2932839418682314
50.1	0.0	0.43562983961349305	0.2889175325108055
50.2	0.0	0.4291441857937862	0.28461613043060946
50.300000000000004	0.0	0.42275509064768524	0.28037876779671367
50.400000000000006	0.0	0.41646111660581603	0.2762044911872939
50.5	0.0	0.4102608475013961	0.27209236137510884
50.6	0.0	0.40415288825159	0.2680414531161699
50.7	0.0	0.3981358645436131	0.2640508549415588
50.800000000000004	0.0	0.39220842252550353	0.26011966895234256
50.900000000000006	0.0	0.3863692285015048	0.2562470106175454
51.0	0.0	0.38061696863197253	0.2524320085751217
51.1	0.0	0.3749503486377635	0.24867380443590148
51.2	0.0	0.369368093509012	0.24497155259044567
51.300000000000004	0.0	0.36386894721825197	0.2413244200187835
51.400000000000006	0.0	0.3584516724378052	0.23773158610297937
51.5	0.0	0.3531150502613775	0.23419224244249026
51.6	0.0	0.34785787992980133	0.23070559267227334
51.7	0.0	0.3426789785608584	0.22727085228359983
51.800000000000004	0.0	0.3375771808831297	0.22388724844753916
51.900000000000006	0.0	0.33255133897380507	0.22055401984106954
52.0	0.0	0.32760032200039435	0.21727041647577638
52.1	0.0	0.3227230159662864	0.21403569952910265
52.2	0.0	0.3179183234600979	0.2108491411781119
52.300000000000004	0.0	0.3131851634087509	0.20771002443572525
52.400000000000006	0.0	0.30852247083422435	0.20461764298939478
52.5	0.0	0.30392919661393664	0.20157130104218465
52.6	0.0	0.29940430724468253	0.19857031315620977
52.7	0.0	0.2949467846100967	0.1956140040984137
52.800000000000004	0.0	0.29055562575156874	0.19270170868863537
52.900000000000006	0.0	0.2862298426425784	0.1898327716499439
53.0	0.0	0.28196846196638414	0.18700654746119763
53.1	0.0	0.2777705248970216	0.18422240021179898
53.2	0.0	0.2736350868835674	0.1814797034586136
53.300000000000004	0.0	0.2695612174376102	0.1787778400850178
53.400000000000006	0.0	0.2655479999238883	0.17611620216204538
53.5	0.0	0.2615945384488629	0.1734941955170132
53.6	0.0	0.257699936426416	0.17091122551790738
53.7	0.0	0.2538633175542875	0.16836671098533262
53.800000000000004	0.0	0.25008381857668566	0.16586007939254577
53.900000000000006	0.0	0.24636058909004624	0.16339076673663186
54.0	0.0	0.24269279135168872	0.1609582174116013
54.1	0.0	0.23907960009131965	0.15856188408337557
54.2	0.0	0.23552020232534096	0.15620122756663316
54.300000000000004	0.0	0.2320137971739251	0.15387571670349054
54.400000000000006	0.0	0.22855959568081222	0.1515848282439884
54.5	0.0	0.22515682063579145	0.14932804672835806
54.6	0.0	0.22180470639982083	0.14710486437103779
54.7	0.0	0.2185024855940163	0.14491477223257135
54.800000000000004	0.0	0.21524942824107943	0.14275728617890585
54.900000000000006	0.0	0.21204480239548307	0.14063192077062364
55.0	0.0	0.20888788700889135	0.13853819779552
55.1	0.0	0.20577797176792442	0.13647564616100594
55.2	0.0	0.2027143569343347	0.13444380178810997
55.300000000000004	0.0	0.19969635318756582	0.13244220750706057
55.400000000000006	0.0	0.19672328146965334	0.13047041295442147
55.5	0.0	0.1937944728324363	0.1285279744717596
55.6	0.0	0.19090926828704144	0.12661445500582036
55.7	0.0	0.1880670186556101	0.12472942401019006
55.800000000000004	0.0	0.18526708442523251	0.12287245734842293
55.900000000000006	0.0	0.1825088356040548	0.12104313719860826
56.0	0.0	0.17979165157953103	0.1192410519593609
56.1	0.0	0.17711492097878379	0.11746579615720965
56.2	0.0	0.1744780415310441	0.11571697035536527
56.300000000000004	0.0	0.17188041993213907	0.11399418106384593
56.400000000000006	0.0	0.16932147171099765	0.1122970406509416
56.5	0.0	0.16680062109814375	0.11062516725599632
56.6	0.0	0.16431730089614732	0.10897818470348886
56.7	0.0	0.16187095235200277	0.10735572241839209
56.800000000000004	0.0	0.15946102503141002	0.10575741534279373
56.900000000000006	0.0	0.15708697669492455	0.10418290385375678
57.0	0.0	0.15474827317595333	0.1026318336824044
57.1	0.0	0.15244438826056583	0.10110385583420832
57.2	0.0	0.1501748035690953	0.09959862651046471
57.300000000000004	0.0	0.14793900843950286	0.09811580703093907
57.400000000000006	0.0	0.14573649981247658	0.09665506375766193
57.5	0.0	0.14356678211824328	0.09521606801986056
57.6	0.0	0.14142936716506302	0.09379849604000619
57.7	0.0	0.13932377402938748	0.09240202886096537
57.800000000000004	0.0	0.13724952894764897	0.09102635227423228
57.900000000000006	0.0	0.13520616520966405	0.0896711567492323
58.0	0.0	0.1331932230536231	0.08833613736367706
58.1	0.0	0.13121024956264174	0.08702099373495549
58.2	0.0	0.12925679856285507	0.08572542995254824
58.300000000000004	0.0	0.12733243052302798	0.08444915451144715
58.400000000000006	0.0	0.1254367124556584	0.08319188024656547
58.5	0.0	0.12356921781955572	0.08195332426812592
58.6	0.0	0.12172952642386758	0.08073320789800958
58.7	0.0	0.11991722433353712	0.07953125660705346
58.800000000000004	0.0	0.11813190377616535	0.0783471999532799
58.900000000000006	0.0	0.11637316305026299	0.0771807715210476
59.0	0.0	0.1146406064348666	0.0760317088611074
59.1	0.0	0.11293384410049988	0.0748997534315502
59.2	0.0	0.11125249202146309	0.07378465053963579
59.300000000000004	0.0	0.10959617188942504	0.07268614928448536
59.400000000000006	0.0	0.10796451102830376	0.07160400250062897
59.5	0.0	0.10635714231041371	0.07053796670239286
59.6	0.0	0.10477370407386123	0.06948780202911453
59.7	0.0	0.10321384004117018	0.06845327219117389
59.800000000000004	0.0	0.10167719923911904	0.06743414441682784
59.900000000000006	0.0	0.1001634359197709	0.06643018939983573
60.0	0.0	0.09867220948268045	0.06544118124786592
60.1	0.0	0.09720318439825665	0.06446689743166827
60.2	0.0	0.09575603013227	0.06350711873500618
60.300000000000004	0.0	0.09433042107148042	0.0625616292053316
60.400000000000006	0.0	0.09292603645037424	0.06163021610519567
60.5	0.0	0.09154256027899167	0.06071266986438263
60.6	0.0	0.09017968127182747	0.05980878403275545
60.7	0.0	0.08883709277779236	0.058918355233805
60.800000000000004	0.0	0.08751449271121563	0.058041183118889714
60.900000000000006	0.0	0.08621158348387502	0.0571770703221566
61.0	0.0	0.08492807193803933	0.05632582241613394
61.1	0.0	0.083663669280507	0.055487247867984375
61.2	0.0	0.08241809101762741	0.05466115799641
61.300000000000004	0.0	0.08119105689128925	0.05384736692919864
61.400000000000006	0.0	0.0799822908158618	0.053045691561402174
61.5	0.0	0.07879152081607585	0.052255951514138005
61.6	0.0	0.07761847896582777	0.05147796909400286
61.7	0.0	0.07646290132789677	0.05071156925309227
61.800000000000004	0.0	0.07532452789455733	0.049956579549613536
61.900000000000006	0.0	0.07420310252907811	0.0492128301090868
62.0	0.0	0.07309837290809047	0.04848015358612289
62.1	0.0	0.0720100904648147	0.0477583851267698
62.2	0.0	0.07093801033313275	0.04704736233142083
62.300000000000004	0.0	0.06988189129249255	0.0463469252182741
62.400000000000006	0.0	0.06884149571363299	0.04565691618733638
62.5	0.0	0.06781658950511714	0.04497717998496301
62.6	0.0	0.06680694206066073	0.044307563668925055
62.7	0.0	0.06581232620724614	0.04364791657399776
62.800000000000004	0.0	0.06483251815400742	0.0429980902780601
62.900000000000006	0.0	0.06386729744187696	0.0423579385686995
63.0	0.0	0.06291644689398235	0.04172731741031421
63.1	0.0	0.0619797525667803	0.041106084911704394
63.2	0.0	0.06105700370191973	0.040494101294146885
63.300000000000004	0.0	0.06014799267882069	0.0398912288599447
63.400000000000006	0.0	0.05925251496795871	0.03929733196144434
63.5	0.0	0.05837036908484589	0.038712276970515234
63.6	0.0	0.05750135654469615	0.03813593224848294
63.7	0.0	0.056645281817766076	0.037568168116510384
63.800000000000004	0.0	0.05580195228536027	0.037008856826419814
63.900000000000006	0.0	0.054971178196491596	0.036457872531949057
64.0	0.0	0.05415277262518717	0.03591509126043616
64.10000000000001	0.0	0.05334658160103429	0.035380410201121704
64.2	1.0	0.062080720696491114	0.036521112636979325
64.3	1.0	0.07068481818084871	0.03801800506676193
64.4	1.0	0.07916081645462117	0.03985012542015251
64.5	1.0	0.08751062343059723	0.04199042270419724
64.60000000000001	1.0	0.09573611916862308	0.0444089944753703
64.7	1.0	0.10383915161259831	0.04707544517754326
64.8	1.0	0.11182154575010987	0.04996020378952268
64.9	1.0	0.11968509701210751	0.05303550107180857
65.0	1.0	0.1274315752923267	0.056275748920036686
65.10000000000001	1.0	0.13506272352044435	0.059657733609829525
65.2	1.0	0.14258025870464755	0.06316059384857205
65.3	1.0	0.14998587230356017	0.06676570918536251
65.4	1.0	0.1572812306004779	0.07045653505158755
65.5	1.0	0.1644679750894749	0.07421841494250206
65.60000000000001	1.0	0.17154772289528836	0.07803838841195139
65.7	1.0	0.1785220670907688	0.08190500706330275
65.8	1.0	0.18539257703879308	0.08580816286711462
65.9	1.0	0.19216079874209632	0.08973893174017031
66.0	1.0	0.19882825518847955	0.09368943323854596
66.10000000000001	1.0	0.20539644669131005	0.09765270595151683
66.2	1.0	0.21186685122518856	0.10162259757639368
66.3	1.0	0.2182409247567416	0.10559366836976307
66.4	1.0	0.2245201015705057	0.10956110658041306
66.5	1.0	0.23070579458981647	0.11352065449186975
66.60000000000001	1.0	0.23679939569270295	0.11746854378639504
66.7	1.0	0.2428022760226446	0.12140143905553363
66.8	1.0	0.24871578629409224	0.1253163884058478
66.9	1.0	0.25454125709255465	0.12921078023092772
67.0	1.0	0.2602799991689256	0.13308230533625115
67.10000000000001	1.0	0.26593330369946916	0.1369289237404147
67.2	1.0	0.2715024424426871	0.14074883558366505
67.3	1.0	0.2769886681195747	0.1445404552632282
67.4	1.0	0.28239321469075573	0.14830238875740817
67.5	1.0	0.28771729760051673	0.152033413619671
67.60000000000001	1.0	0.2929621145687528	0.15573246088358636
67.7	1.0	0.2981288459690438	0.15939859944313625
67.8	1.0	0.30321865433439193	0.16303102270435238
67.9	1.0	0.3082326848902255	0.16662903597866882
68.0	1.0	0.31317206581206597	0.1701920454350996
68.10000000000001	1.0	0.31803790847936964	0.1737195482385381
68.2	1.0	0.3228313077255747	0.1772111237318605
68.3	1.0	0.3275533420844382	0.1806664255382396
68.4	1.0	0.3322050740326982	0.18408517447613454
68.5	1.0	0.33678755022912416	0.1874671521932774
68.60000000000001	1.0	0.34130180175001656	0.19081219543788971
68.7	1.0	0.34574884432118136	0.1941201908956262
68.8	1.0	0.3501296785464772	0.19739107052966073
68.9	1.0	0.3544452901329413	0.20062480736897081
69.0	1.0	0.3586966501125635	0.20382141169655776
69.10000000000001	1.0	0.3628847150607756	0.20698092759513395
69.2	1.0	0.36701042731166184	0.21010342981278265
69.3	1.0	0.3710747151699941	0.2131890209155331
69.4	1.0	0.37507849312008884	0.21623782869754846
69.5	1.0	0.37902266203155943	0.21925000382299858
69.60000000000001	1.0	0.3829081093620167	0.22222571767659816
69.7	1.0	0.386735709356735	0.22516516040231985
69.8	1.0	0.3905063232453581	0.22806853911207797
69.9	1.0	0.39422079943567095	0.23093607624811693
70.0	1.0	0.3978799737044893	0.2337680080845951
70.10000000000001	1.0	0.401484669385706	0.2365645833553808
70.2	1.0	0.4050356975555343	0.23932606199642625
70.3	1.0	0.40853385721500457	0.24205271399230635
70.4	1.0	0.4119799354697264	0.24474481831752737
70.5	1.0	0.4153747230996648	0.2474026680043751
70.60000000000001	1.0	0.41871896890841154	0.2500265515148059
70.7	1.0	0.4220134253597709	0.25261676926536053
70.8	1.0	0.4252588337151035	0.25517362721870424
70.9	1.0	0.42845592420009204	0.25769743618795277
71.0	1.0	0.4316054161690409	0.26018851119610076
71.10000000000001	1.0	0.4347080182667165	0.2626471708859532
71.2	1.0	0.4377644285877868	0.2650737369764134
71.3	1.0	0.44077533483388287	0.2674685337613431
71.4	1.0	0.4437414144683269	0.2698318876475637
71.5	1.0	0.44666333486854515	0.272164126728861
71.60000000000001	1.0	0.4495417534762303	0.27446558039316493
71.7	1.0	0.4523773179452516	0.2767365789602761
71.8	1.0	0.45517066628737274	0.27897745334778634
71.9	1.0	0.457922427015798	0.2811885347630101
72.0	1.0	0.46063321928657824	0.2833701544189411
72.10000000000001	1.0	0.46330365303791937	0.285522643272423
72.2	1.0	0.46593432912740823	0.2876463317828508
72.3	1.0	0.46852583946720044	0.28974154968988464
72.4	1.0	0.47107876715719627	0.2918086258087648
72.5	1.0	0.47359368661623125	0.2938478878419341
72.60000000000001	1.0	0.47607116371131736	0.2958596622057817
72.7	1.0	0.478511755884954	0.2978442738714067
72.8	1.0	0.48091601228055053	0.2998020462184015
72.9	1.0	0.4832844738659793	0.30173330090071787
73.0	1.0	0.48561767355528485	0.30363835772375364
73.10000000000001	1.0	0.4879161363285909	0.3055175345318787
73.2	1.0	0.4901803793502119	0.30737114710565094
73.3	1.0	0.49241091208501325	0.3091995090680556
73.4	1.0	0.49460823641303725	0.3110029317991353
73.5	1.0	0.496772846742418	0.3127817243584245
73.60000000000001	1.0	0.49890523012062665	0.3145361934146638
73.7	1.0	0.5010058663440481	0.31626664318227266
73.8	1.0	0.5030752280659331	0.317973375364134
73.9	1.0	0.5051137809027437	0.3196566891002525
74.0	1.0	0.5071219835389114	0.32131688092188343
74.10000000000001	1.0	0.5091002878300405	0.3229542447107668
74.2	1.0	0.5110491389045706	0.32456907166311155
74.3	1.0	0.5129689752639287	0.32616165025801525
74.4	1.0	0.5148602288811907	0.32773226623001545
74.5	1.0	0.5167233252982687	0.3292812025454887
74.60000000000001	1.0	0.5185586837216611	0.33080873938264704
74.7	1.0	0.5203667171167679	0.3323151541148766
74.8	1.0	0.522147832300806	0.3338007212971997
74.9	1.0	0.5239024300343424	0.33526571265564453
75.0	1.0	0.5256309051114616	0.3367103970793256
75.10000000000001	1.0	0.5273336464485948	0.33813504061505206
75.2	1.0	0.5290110371720215	0.3395399064642841
75.3	1.0	0.5306634547040724	0.3409252549822859
75.4	1.0	0.5322912708480482	0.3422913436793151
75.5	1.0	0.5338948518718725	0.3436384272237126
75.60000000000001	1.0	0.5354745585905021	0.34496675744675753
75.7	1.0	0.5370307464471067	0.3462765833491636
75.8	1.0	0.538563765593045	0.34756815110910433
75.9	1.0	0.5400739609666461	0.34884170409165216
76.0	1.0	0.541561672370818	0.3500974828595325
76.10000000000001	1.0	0.5430272345495045	0.35133572518510053
76.2	1.0	0.5444709772629993	0.352556666063443
76.3	1.0	0.5458932253621437	0.3537605377265308
76.4	1.0	0.5472942988614145	0.3549475696583334
76.5	1.0	0.5486745130109268	0.35611798861082755
76.60000000000001	1.0	0.550034178367366	0.357272018620831
76.7	1.0	0.5513736008638601	0.3584098810275906
76.80000000000001	1.0	0.5526930818788165	0.3595317944910704
76.9	1.0	0.5539929183037281	0.360637975010875
77.0	1.0	0.5552734026099757	0.36172863594576216
77.10000000000001	1.0	0.556534822914633	0.36280398803368635
77.2	1.0	0.5577774630452916	0.36386423941233004
77.30000000000001	1.0	0.5590016026039234	0.36490959564007835
77.4	1.0	0.5602075170297879	0.36594025971739047
77.5	1.0	0.5613954776614074	0.3669564321085341
77.60000000000001	1.0	0.5625657517976187	0.36795831076364305
77.7	1.0	0.5637186027577125	0.36894609114106075
77.80000000000001	1.0	0.5648542899406814	0.369919966229942
77.9	1.0	0.5659730688835842	0.37088012657307856
78.0	1.0	0.5670751913190418	0.3718267602899212
78.10000000000001	1.0	0.5681609052318768	0.37276005309977045
78.2	1.0	0.5692304549149088	0.37368018834510974
78.30000000000001	1.0	0.5702840810239211	0.3745873470150596
78.4	1.0	0.5713220206318089	0.3754817077689283
78.5	1.0	0.572344507281919	0.37636344695983853
78.60000000000001	1.0	0.5733517710405979	0.3772327386584097
78.7	1.0	0.5743440385489561	0.37808975467647826
78.80000000000001	1.0	0.5753215330738639	0.3789346645908399
78.9	1.0	0.5762844745581851	0.37976763576699246
79.0	1.0	0.5772330796702638	0.3805888333828702
79.10000000000001	1.0	0.5781675618526763	0.3813984204525516
79.2	1.0	0.5790881313702548	0.3821965578499283
79.30000000000001	1.0	0.5799949953573973	0.382983404332322
79.4	1.0	0.5808883578646734	0.38375911656403916
79.5	1.0	0.581768419904735	0.3845238491398503
79.60000000000001	1.0	0.5826353794975457	0.3852777546083869
79.7	1.0	0.5834894317149342	0.3860209834954412
79.80000000000001	1.0	0.5843307687244862	0.38675368432716634
79.9	1.0	0.5851595798327816	0.38747600365316304
80.0	1.0	0.5859760515279905	0.38818808606945
80.10000000000001	0.0	0.586780330130734	0.3888900445566195
80.2	0.0	0.5780443417639949	0.3831002477097648
80.30000000000001	0.0	0.5694384151412913	0.37739664958982017
80.4	0.0	0.5609606138981911	0.3717779668667015
80.5	0.0	0.5526090304989241	0.36624293531658864
80.60000000000001	0.0	0.544381785807195	0.36079030953747987
80.7	0.0	0.5362770286633699	0.355418862668972
80.80000000000001	0.0	0.5282929354679466	0.3501273861162039
80.9	0.0	0.5204277097712485	0.3449146892779249
81.0	0.0	0.5126795818692172	0.33977959927860624
81.10000000000001	0.0	0.5050468084052103	0.3347209607045305
81.2	0.0	0.49752767197776604	0.3297376353438379
81.30000000000001	0.0	0.4901204807541491	0.32482850193040186
81.4	0.0	0.4828235680897017	0.3199924558915538
81.5	0.0	0.47563529215284484	0.3152284090995512
81.60000000000001	0.0	0.4685540355556449	0.3105352896267353
81.7	0.0	0.4615782049899166	0.3059120415043569
81.80000000000001	0.0	0.45470623086869727	0.30135762448496295
81.9	0.0	0.4479365669731119	0.29687101380835607
82.0	0.0	0.4412676901044481	0.292451199971005
82.10000000000001	0.0	0.4346980997414351	0.2880971884989066
82.2	0.0	0.4282263177026263	0.283807999723829
82.30000000000001	0.0	0.4218508878138	0.27958266856288005
82.4	0.0	0.4155703755803144	0.2754202443013605
82.5	0.0	0.40938336786434165	0.27131979037884957
82.60000000000001	0.0	0.4032884725669049	0.2672803841784747
82.7	0.0	0.39728431831465927	0.2633011168193246
82.80000000000001	0.0	0.39136955415131414	0.2593810929519384
82.9	0.0	0.38554284923367715	0.255519430556859
83.0	0.0	0.37980289253219557	0.25171526074616535
83.10000000000001	0.0	0.3741483925359866	0.24796772756798063
83.2	0.0	0.36857807696222444	0.24427598781386842
83.30000000000001	0.0	0.3630906924698896	0.2406392108291185
83.4	0.0	0.357685004377748	0.23705657832583768
83.5	0.0	0.35235979638655207	0.23352728419883778
83.60000000000001	0.0	0.3471138703053671	0.23005053434425723
83.7	0.0	0.3419460457819724	0.22662554648088423
83.80000000000001	0.0	0.336855160037279	0.22325154997414154
83.9	0.0	0.331840067603699	0.2199277856626897
84.0	0.0	0.32689964006741534	0.21665350568761615
84.10000000000001	0.0	0.3220327658144783	0.21342797332415997
84.2	0.0	0.31723834978069143	0.2102504628159482
84.30000000000001	0.0	0.3125153132052174	0.20712025921169755
84.4	0.0	0.30786259338786115	0.2040366582043529
84.5	0.0	0.3032791434499402	0.20099896597260405
84.60000000000001	0.0	0.29876393209875146	0.19800649902478543
84.7	0.0	0.29431594339551825	0.195058584045082
84.80000000000001	0.0	0.2899341765267989	0.1921545577420304
84.9	0.0	0.28561764557930347	0.18929376669927755
85.0	0.0	0.28136537931806	0.18647556722856048
85.10000000000001	0.0	0.2771764209678796	0.18369932522487137
85.2	0.0	0.2730498279980857	0.18096441602378646
85.30000000000001	0.0	0.2689846719104314	0.17827022426090763
85.4	0.0	0.2649800380301936	0.17561614373340995
85.5	0.0	0.26103502530033823	0.17300157726362378
85.60000000000001	0.0	0.25714874607878707	0.170425936564673
85.7	0.0	0.2533203259387151	0.16788864210812177
85.80000000000001	0.0	0.24954890347179626	0.16538912299357492
85.9	0.0	0.24583363009439135	0.16292681682022875
86.0	0.0	0.24217366985660438	0.16050116956032257
86.10000000000001	0.0	0.23856819925419767	0.15811163543448511
86.2	0.0	0.235016407043299	0.15575767678893118
86.30000000000001	0.0	0.23151749405786745	0.15343876397448655
86.4	0.0	0.22807067302987724	0.15115437522741462
86.5	0.0	0.22467516841218332	0.14890399655202005
86.60000000000001	0.0	0.22133021620401758	0.14668712160499595
86.7	0.0	0.21803506377908574	0.1445032515814948
86.80000000000001	0.0	0.21478896971622613	0.14235189510289717
86.9	0.0	0.21159120363258438	0.14023256810624746
87.0	0.0	0.20844104601927732	0.13814479373534036
87.10000000000001	0.0	0.20533778807949704	0.13608810223342355
87.2	0.0	0.20228073156903287	0.13406203083750334
87.30000000000001	0.0	0.19926918863916446	0.13206612367422174
87.4	0.0	0.1963024816818888	0.13009993165728018
87.5	0.0	0.19337994317745977	0.12816301238639624
87.60000000000001	0.0	0.19050091554419088	0.12625493004775987
87.7	0.0	0.18766475099050245	0.1243752553159772
87.80000000000001	0.0	0.1848708090775381	0.12252356373868928
87.9	0.0	0.1821184633471793	0.12069944012930385
88.0	0.0	0.1794070945151193	0.11890247405568932
88.10000000000001	0.0	0.1767360925169501	0.11713226119622386
88.2	0.0	0.17410485637089507	0.11538840324882069
88.30000000000001	0.0	0.17151279404258776	0.1136705078413104
88.4	0.0	0.16895932231186242	0.11197818844315571
88.5	0.0	0.16644386664152944	0.11031106427848232
88.60000000000001	0.0	0.16396586104810074	0.10866876024040165
88.7	0.0	0.16152474797444644	0.10705090680661382
88.80000000000001	0.0	0.15911997816433884	0.10545713995626148
88.9	0.0	0.1567510105388721	0.10388710108802661
89.0	0.0	0.15441731207471784	0.102340436939444
89.10000000000001	0.0	0.1521183576841914	0.10081679950741511
89.2	0.0	0.1498536300971102	0.09931584596990918
89.30000000000001	0.0	0.14762261974440302	0.09783723860882523
89.4	0.0	0.14542482464345927	0.09638064473400683
89.5	0.0	0.14325975028517843	0.09494573660838401
89.60000000000001	0.0	0.14112690952270707	0.09353219137423335
89.7	0.0	0.13902582246183032	0.09213969098053466
89.80000000000001	0.0	0.1369560163529923	0.09076792211140736
89.9	0.0	0.13491702548492912	0.08941657611561545
90.0	0.0	0.1329083910798802	0.08808534893711854
90.10000000000001	0.0	0.13092966119036528	0.0867739410466606
90.2	0.0	0.12898039059749403	0.08548205737437438
90.30000000000001	0.0	0.12706014071079003	0.08420940724338966
90.4	0.0	0.12516847946950907	0.08295570430443143
90.5	0.0	0.12330498124542212	0.08172066647138938
90.60000000000001	0.0	0.1214692267470512	0.08050401585784984
90.7	0.0	0.11966080292532566	0.07930547871456932
90.80000000000001	0.0	0.1178793028806461	0.07812478536788081
90.9	0.0	0.11612432577133133	0.07696167015901688
91.0	0.0	0.11439547672342866	0.07581587138433617
91.10000000000001	0.0	0.11269236674186434	0.07468713123643822
91.2	0.0	0.111014612622922	0.0735751957461583
91.30000000000001	0.0	0.10936183686801904	0.07247981472542246
91.4	0.0	0.1077336675987697	0.0714007417109555
91.5	0.0	0.10612973847331086	0.07033773390882557
91.60000000000001	0.0	0.10454968860387454	0.06929055213981523
91.7	0.0	0.10299316247558876	0.06825896078560655
91.80000000000001	0.0	0.10145980986648455	0.06724272773576541
91.9	0.0	0.09994928576869608	0.0662416243355169
92.0	0.0	0.0984612503108328	0.06525542533429723
92.10000000000001	0.0	0.09699536868150743	0.0642839088350716
92.2	0.0	0.09555131105400383	0.06332685624440774
92.30000000000001	0.0	0.09412875251206426	0.062384052223291325
92.4	0.0	0.09272737297678434	0.061455284638675244
92.5	0.0	0.09134685713459172	0.06054034451574748
92.60000000000001	0.0	0.08998689436630275	0.05963902599091313
92.7	0.0	0.08864717867723157	0.05875112626547411
92.80000000000001	0.0	0.08732740862833938	0.057876445559998116
92.9	0.0	0.0860272872684131	0.05701478706936995
93.0	0.0	0.0847465220672474	0.05616595691850766
93.10000000000001	0.0	0.08348482484982707	0.055329764118741805
93.2	0.0	0.08224191173148643	0.0545060205248422
93.30000000000001	0.0	0.0810175030540344	0.05369454079268462
93.4	0.0	0.07981132332283154	0.05289514233754848
93.5	0.0	0.07862310114480267	0.052107645293034625
93.60000000000001	0.0	0.07745256916737257	0.05133187247059472
93.7	0.0	0.07629946401831272	0.050567649319664544
93.80000000000001	0.0	0.07516352624647989	0.049814803888388416
93.9	0.0	0.07404450026344055	0.049073166784930594
94.0	0.0	0.07294213428596247	0.04834257113936141
94.10000000000001	0.0	0.07185618027936316	0.047622852566111436
94.2	0.0	0.07078639390170141	0.04691384912698413
94.30000000000001	0.0	0.06973253444879986	0.04621540129471957
94.4	0.0	0.06869436480008652	0.04552735191710066
94.5	0.0	0.06767165136524106	0.04484954618159295
94.60000000000001	0.0	0.06666416403163762	0.044181831580512185
94.7	0.0	0.0656716761125691	0.04352405787670982
94.80000000000001	0.0	0.06469396429624087	0.042876077069768474
94.9	0.0	0.06373080859552677	0.04223774336270265
95.0	0.0	0.06278199229847013	0.04160891312915308
95.10000000000001	0.0	0.06184730191952354	0.04098944488107087
95.2	0.0	0.06092652715151542	0.04037919923688319
95.30000000000001	0.0	0.06001946081832855	0.03977803889013084
95.4	0.0	0.05912589882828613	0.039185828578574756
95.5	0.0	0.05824564012823052	0.038602435053761625
95.60000000000001	0.0	0.05737848665828576	0.0380277270510426
95.7	0.0	0.05652424330729356	0.03746157526003839
95.80000000000001	0.0	0.055682717868913136	0.03690385229554437
95.9	0.0	0.05485372099837431	0.036354432668868536
96.0	0.0	0.05403706616987436	0.03581319275959625
96.10000000000001	0.0	0.05323261507889584	0.03528003242902592
96.2	0.0	0.061968443053636045	0.03641736422171275
96.30000000000001	1.0	0.07057421219044342	0.03791105056296783
96.4	1.0	0.0790518572253702	0.039740264045520744
96.5	1.0	0.08740328644551885	0.04187800985541824
96.60000000000001	1.0	0.09563038027987829	0.044294406019839055
96.7	1.0	0.10373498701838275	0.04695905385513241
96.80000000000001	1.0	0.1117189320180241	0.04984236412208879
96.9	1.0	0.11958401105499471	0.05291654155595752
97.0	1.0	0.1273319943681696	0.05615596826856315
97.10000000000001	1.0	0.1349646252251727	0.059537399979560555
97.2	1.0	0.1424836209674069	0.06303994574260317
97.30000000000001	1.0	0.14989067338185735	0.06664495731792328
97.4	1.0	0.15718744907525717	0.07033586467817265
97.5	1.0	0.16437558985974862	0.07409798834742375
97.60000000000001	1.0	0.1714567131730063	0.07791834735958283
97.7	1.0	0.178432412397194	0.08178547510060649
97.80000000000001	1.0	0.1853042571999727	0.08568924745030176
97.9	1.0	0.19207379388436369	0.089620726154247
98.0	1.0	0.1987425457340294	0.09357201830909767
98.10000000000001	1.0	0.20531201335383872	0.09753615155881312
98.2	1.0	0.21178367500558054	0.10150696398736374
98.30000000000001	1.0	0.2181589869388362	0.10547900740563142
98.4	1.0	0.22443938371691172	0.10944746263808705
98.5	1.0	0.23062627853780596	0.11340806543642071
98.60000000000001	1.0	0.23672106355016007	0.11735704173060203
98.7	1.0	0.24272511016409168	0.12129105104095919
98.80000000000001	1.0	0.24863976935677656	0.12520713699824132
98.9	1.0	0.2544663719726097	0.12910268404125455
99.0	1.0	0.2602062290176195	0.1329753794771725
99.10000000000001	1.0	0.2658606319213763	0.13682318022471998
99.2	1.0	0.27143085269208106	0.1406442836771563
99.30000000000001	1.0	0.2769181442954284	0.14443710179628838
99.4	1.0	0.28232374093345625	0.14820023839783905
99.5	1.0	0.28764885828878556	0.15193246911360794
99.60000000000001	1.0	0.2928946942992832	0.1556327232803583
99.7	1.0	0.29806242957106555	0.15930006826852566
99.80000000000001	1.0	0.3031532268629182	0.1629336961307897
99.9	1.0	0.3081682316226948	0.16653291097420533
100.0	1.0	0.3131085722450361	0.17009711789602885
