time	X	Y	Z
0.0	0.5	0.5	0.5
3.872216844143272e-06	0.4995111326234269	0.501	0.49999322362052273
7.76749167141915e-06	0.49902232121798695	0.502	0.49998641121083
1.168613118932137e-05	0.49853356658444375	0.503	0.49997956225772583
1.5628448193203674e-05	0.4980448695392993	0.504	0.49997267623792735
1.9594761728420543e-05	0.4975562309152124	0.505	0.4999657526177967
2.3585397257896072e-05	0.49706765156143123	0.506	0.49995879085306383
2.760068683534032e-05	0.4965791323442402	0.507	0.49995179038854026
3.164096928434289e-05	0.4960906741474222	0.508	0.4999447506578228
3.570659038358444e-05	0.4956022778727363	0.509	0.4999376710829875
3.979790305841849e-05	0.4951139444404123	0.51	0.4999305510742728
4.3915267579087904e-05	0.49462567478966174	0.511	0.49992339002975217
4.80590517658536e-05	0.4941374698792075	0.512	0.4999161873349946
5.2229631201326386e-05	0.4936493306878312	0.513	0.4999089423627141
5.6427389450307365e-05	0.4931612582149403	0.514	0.49990165447240614
6.065271828745754e-05	0.4926732534811554	0.515	0.49989432300997155
6.490601793313323e-05	0.49218531752891853	0.516	0.4998869473073267
6.918769729774098e-05	0.491697451423123	0.517	0.4998795266819998
7.349817423498375e-05	0.4912096562517667	0.518	0.4998720604367127
7.783787580438884e-05	0.49072193312662904	0.519	0.49986454785894674
8.220723854352863e-05	0.4902342831839726	0.52	0.49985698822049357
8.660670875036623e-05	0.48974670758527133	0.521	0.49984938077698843
9.103674277618095e-05	0.4892592075179656	0.522	0.49984172476742644
9.549780732955236e-05	0.4887717841962457	0.523	0.4998340194136606
9.999037979190735e-05	0.48828443886186523	0.524	0.4998262639198807
0.00010451494854516144	0.4877971727849859	0.525	0.49981845747207215
0.00010907201331201428	0.4873099872650541	0.526	0.4998105992374542
0.00011366208550948998	0.48682288363171217	0.527	0.4998026883638963
0.0001182856886163448	0.4863358632457453	0.528	0.4997947239793114
0.00012294335855499977	0.4858489275000655	0.529	0.49978670519102564
0.0001276356440886918	0.4853620778207349	0.53	0.4997786310851226
0.00013236310723457602	0.48487531566803016	0.531	0.4997705007257616
0.0001371263236935539	0.4843886425375495	0.532	0.49976231315446834
0.00014192588329764514	0.48390205996136537	0.533	0.49975406738939654
0.00014676239047576906	0.48341556950922404	0.534	0.49974576242455937
0.00015163646473885078	0.4829291727897951	0.535	0.49973739722902916
0.00015654874118522176	0.4824428714519729	0.536	0.49972897074610345
0.0001614998710273405	0.4819566671862332	0.537	0.49972048189243606
0.00016649052214092104	0.48147056172604685	0.538	0.4997119295571314
0.00017152137963762125	0.4809845568493545	0.539	0.4997033126007997
0.00017659314646251376	0.48049865438010486	0.54	0.4996946298545718
0.00018170654401763512	0.48001285618985984	0.541	0.4996858801190707
0.00018686231281299072	0.47952716419947033	0.542	0.4996770621633382
0.00019206121314647637	0.47904158038082634	0.543	0.49966817472371355
0.00019730402581427054	0.47855610675868526	0.544	0.49965921650266265
0.0002025915528533483	0.4780707454125829	0.545	0.49965018616755374
0.000207924618317874	0.4775854984788312	0.546	0.49964108234937754
0.00021330406909134236	0.47710036815260803	0.547	0.49963190364140886
0.00021873077573645897	0.4766153566901439	0.548	0.49962264859780575
0.00022420563338488192	0.47613046641101064	0.549	0.4996133157321434
0.00022972956266908653	0.47564569970051906	0.55	0.4996039035158785
0.00023530351069876588	0.47516105901223	0.551	0.4995944103767407
0.00024092845208434276	0.474676546870587	0.552	0.4995848346970461
0.000246605390010344	0.47419216587367674	0.553	0.49957517481192953
0.0002523353573615767	0.47370791869612494	0.554	0.4995654290074892
0.00025811941790525035	0.4732238080921361	0.555	0.4995555955188399
0.0002639586675324089	0.4727398368986851	0.556	0.49954567252806864
0.0002698542355622751	0.4722560080388706	0.557	0.4995356581620869
0.0002758072861133667	0.4717723245254395	0.558	0.4995255504903729
0.0002818190195455231	0.4712887894644935	0.559	0.49951534752259785
0.00028789067397728334	0.47080540605938886	0.56	0.499505047206128
0.00029402352688338303	0.4703221776148419	0.561	0.4994946474233951
0.00030021889677749405	0.4698391075412527	0.562	0.4994841459891273
0.0003064781449857157	0.4693561993592619	0.5630000000000001	0.49947354064743044
0.00031280267751674636	0.4688734567045556	0.5640000000000001	0.49946282906871065
0.00031919394703512036	0.46839088333293394	0.5650000000000001	0.49945200884642826
0.00032565345494439153	0.4679084831256622	0.5660000000000001	0.49944107749367056
0.00033218275358768676	0.46742626009512234	0.5670000000000001	0.49943003243953216
0.00033878344857364275	0.4669442183907862	0.5680000000000001	0.49941887102528953
0.00034545720123638473	0.4664623623055323	0.5690000000000001	0.49940759050035566
0.0003522057312389099	0.46598069628232974	0.5700000000000001	0.4993961880179991
0.00035903081933000985	0.46549922492131635	0.5710000000000001	0.4993846606308113
0.00036593431026571026	0.4650179529872974	0.5720000000000001	0.4993730052859038
0.00037291811590713157	0.4645368854176973	0.5730000000000001	0.49936121881981643
0.0003799842185076909	0.4640560273309954	0.5740000000000001	0.49934929795311456
0.0003871346742036792	0.46357538403568355	0.5750000000000001	0.49933723928465285
0.0003943716167234781	0.46309496103978315	0.5760000000000001	0.4993250392854805
0.0004016972613320284	0.46261476406096463	0.5770000000000001	0.49931269429236097
0.000409113909028655	0.4621347990373159	0.5780000000000001	0.499300200500876
0.00041662395101799414	0.46165507213881	0.5790000000000001	0.49928755395808205
0.00042422987347558774	0.4611755897795269	0.5800000000000001	0.4992747505546841
0.00043193426263171713	0.46069635863068986	0.5810000000000001	0.49926178601668747
0.00043973981019927656	0.4602173856345827	0.5820000000000001	0.499248655896486
0.0004476493191739552	0.45973867801941926	0.5830000000000001	0.49923535556334053
0.0004556657100377405	0.45926024331524523	0.5840000000000001	0.49922188019319647
0.0004637920273998055	0.4587820893709589	0.5850000000000001	0.4992082247577849
0.00047203144711224266	0.4583042243725463	0.5860000000000001	0.49919438401294636
0.00048038728390189725	0.4578266568626369	0.5870000000000001	0.49918035248610904
0.0004888629995637876	0.4573493957614948	0.5880000000000001	0.4991661244628481
0.0004974622117663397	0.456872450389575	0.5890000000000001	0.49915169397244313
0.0005061887035239734	0.4563958304917855	0.5900000000000001	0.49913705477234366
0.0005150464333985389	0.4559195462636123	0.5910000000000001	0.49912220033144145
0.0005240395464978024	0.4554436083792822	0.5920000000000001	0.4991071238120392
0.0005331723863467333	0.4549680280221558	0.5930000000000001	0.4990918180503911
0.0005424495077158564	0.4544928169175657	0.5940000000000001	0.49907627553567807
0.0005518756905005667	0.4540179873683402	0.5950000000000001	0.49906048838726424
0.0005614559547562034	0.4535435522932789	0.5960000000000001	0.4990444483300635
0.0005711955770060545	0.45306952526887967	0.5970000000000001	0.4990281466678252
0.0005811001079535296	0.45259592057465087	0.5980000000000001	0.4990115742541245
0.000591175391745766	0.4521227532423853	0.5990000000000001	0.49899472146081736
0.000601427586954234	0.45165003910981694	0.6000000000000001	0.4989775781436898
0.0006118631894588429	0.4511777948791359	0.6010000000000001	0.4989601336049977
0.0006224890574460725	0.45070603818089894	0.6020000000000001	0.4989423765525532
0.0006333124387592574	0.45023478764394065	0.6030000000000001	0.4989242950549703
0.000644341000870973	0.4497640629719743	0.6040000000000001	0.49890587649262885
0.0006555828637842304	0.4492938850276628	0.6050000000000001	0.49888710750385734
0.0006670466362117701	0.44882427592504914	0.6060000000000001	0.49886797392576593
0.0006787414554322033	0.4483552591313613	0.6070000000000001	0.49884846072907923
0.0006906770312793556	0.447886859579354	0.6080000000000001	0.498828551946226
0.0007028636947884733	0.4474191037915185	0.6090000000000001	0.4988082305918332
0.0007153124521018001	0.4469520200176949	0.6100000000000001	0.4987874785746435
0.0007280350443287331	0.4464856383878541	0.6110000000000001	0.49876627659972406
0.0007410440141650708	0.44601999108209617	0.6120000000000001	0.4987446040596584
0.0007543527802052261	0.44555511252023955	0.6130000000000001	0.4987224389132015
0.0007679757200348915	0.4450910395737655	0.6140000000000001	0.4986997575496291
0.0007819282633747496	0.444627811803347	0.6150000000000001	0.49867653463671585
0.0007962269967649361	0.4441654717257476	0.6160000000000001	0.4986527429499198
0.0008108897815432066	0.4437040651145434	0.6170000000000001	0.4986283531799245
0.0008259358871873923	0.44324364133992633	0.6180000000000001	0.49860333371517457
0.0008413861424776627	0.44278425375382446	0.6190000000000001	0.49857765039541546
0.0008572631074027991	0.4423259601277617	0.6200000000000001	0.4985512662314894
0.0008735912693081143	0.4418688231523335	0.6210000000000001	0.4985241410857083
0.0008903972674878424	0.4414129110089614	0.6220000000000001	0.49849623130598375
0.0009077101512967289	0.4409582980267983	0.6230000000000001	0.4984674893054789
0.0009255616779396782	0.44050506544040113	0.6240000000000001	0.4984378630777942
0.0009439866574544338	0.4400533022672207	0.6250000000000001	0.4984072956355004
0.0009630233541092791	0.4396031063282793	0.6260000000000001	0.49837572435707217
0.000982713955600851	0.43915458544087727	0.6270000000000001	0.49834308022377355
0.0010031051241975774	0.43870785881915314	0.6280000000000001	0.49830928692358384
0.0010242486475233832	0.43826305872729376	0.6290000000000001	0.49827425979351303
0.001046202211275878	0.43782033244181456	0.6300000000000001	0.49823790456422373
0.0010690303221847768	0.43737984459451934	0.6310000000000001	0.4982001158611647
0.001092805417444347	0.4369417799877675	0.6320000000000001	0.4981607754036196
0.0011176092074104424	0.4365063470003282	0.6330000000000001	0.4981197498260358
0.0011435343125554452	0.43607378173793504	0.6340000000000001	0.4980768880230857
0.0011706862749950953	0.4356443531313868	0.6350000000000001	0.4980320178887584
0.0011991860514987318	0.4352183692520876	0.6360000000000001	0.4979849422769154
0.001229173131982919	0.4347961852083734	0.6370000000000001	0.4979354339510029
0.0012608094799291733	0.43437821311803276	0.6380000000000001	0.4978832292061935
0.0012942845664402247	0.43396493484189386	0.6390000000000001	0.4978280197261275
0.0013298218794841154	0.43355691843962774	0.6400000000000001	0.497769442059835
0.0013676874530353786	0.433154839719081	0.6410000000000001	0.4977070638422762
0.001408201207999688	0.4327595108713841	0.6420000000000001	0.4976403654851126
0.001451752279435346	0.43237191914457207	0.6430000000000001	0.4975687154505353
0.0014988201111703655	0.4319932800298971	0.6440000000000001	0.4974913362488035
0.001550004086288006	0.43162511190935154	0.6450000000000001	0.4974072567192251
0.0016060661171223398	0.43126934325663147	0.6460000000000001	0.49731524350704603
0.0016679934856875986	0.43092847065402906	0.6470000000000001	0.4972137000683961
0.0017370943787608207	0.43060579875830696	0.6480000000000001	0.49710051331483424
0.0018151482141496873	0.4303058174200025	0.6490000000000001	0.4969728126365521
0.001904651788148689	0.4300348182942211	0.6500000000000001	0.4968265759480878
0.002009241355872407	0.429801950358192	0.6510000000000001	0.496655955429323
0.0021344559239298184	0.4296211246921914	0.6520000000000001	0.49645206101492173
0.0022892023983004713	0.42951466073932176	0.6530000000000001	0.4962006322981418
0.0024887429475816906	0.4295206921565838	0.6540000000000001	0.49587731179297945
0.0027610008527617896	0.42970869901406106	0.6550000000000001	0.4954377379820064
0.0031582782169010705	0.43020790878932197	0.6560000000000001	0.4947994597179541
0.003755250860253237	0.4311992581621267	0.6570000000000001	0.49384726142284724
0.004308372372615065	0.4321992581621267	0.6577359839024575	0.49297462750824217
0.0048716408084265	0.4331992581621267	0.6584964987727027	0.4920949932276073
0.005439908869263882	0.4341992581621267	0.6592553712969893	0.49121672246064546
0.006013434878732981	0.4351992581621267	0.6600133906064499	0.49033957967404124
0.006592313055157424	0.4361992581621267	0.660770520923657	0.4894635926417292
0.007176648984384355	0.4371992581621267	0.6615267677133706	0.48858877648084426
0.007766550783912573	0.4381992581621267	0.6622821339180275	0.48771514760067636
0.008362129774913405	0.4391992581621267	0.6630366226422745	0.4868427228678966
0.008963500564945064	0.4401992581621267	0.6637902369582268	0.48597151968822405
0.009570781180769468	0.4411992581621267	0.6645429799220186	0.4851015560219393
0.010184093203727465	0.4421992581621267	0.6652948545723935	0.4842328504061149
0.0108035619122036	0.4431992581621267	0.6660458639310327	0.4833654219773737
0.011429316431168113	0.4441992581621267	0.6667960110026939	0.4824992904958487
0.01206148988926851	0.4451992581621267	0.6675452987753722	0.4816344763703469
0.012700219583921054	0.4461992581621267	0.6682937302204565	0.48077100068479783
0.013345647154891857	0.4471992581621267	0.6690413082928879	0.479908885226064
0.013997918766890308	0.4481992581621267	0.6697880359313155	0.47904815251319777
0.014657185301736056	0.4491992581621267	0.6705339160582532	0.4781888258282339
0.015323602560700958	0.4501992581621267	0.6712789515802355	0.47733092924861475
0.015997331477671618	0.4511992581621267	0.6720231453879737	0.4764744876813514
0.016678538343826137	0.4521992581621267	0.6727665003565122	0.47561952689903164
0.017367395044569706	0.4531992581621267	0.6735090193453835	0.474766073577795
0.018064079309531255	0.4541992581621267	0.6742507051987655	0.4739141553374021
0.018768774976482775	0.4551992581621267	0.6749915607456367	0.473063800783538
0.01948167227011067	0.4561992581621267	0.6757315887999341	0.47221503955249694
0.020202968096639736	0.4571992581621267	0.6764707921607096	0.47136790235841025
0.020932866355389688	0.4581992581621267	0.6772091736122884	0.4705224210431894
0.02167157826842897	0.4591992581621267	0.6779467359244274	0.4696786286293716
0.022419322729584863	0.4601992581621267	0.6786834818524755	0.4688365593760692
0.023176326674169825	0.4611992581621267	0.679419414137533	0.4679962488382416
0.02394282547089667	0.4621992581621267	0.6801545355066158	0.46715773392952414
0.02471906333757473	0.4631992581621267	0.6808888486728164	0.4663210529888716
0.025505293782315478	0.4641992581621267	0.6816223563354717	0.46548624585129017
0.026301780072118103	0.4651992581621267	0.6823550611803281	0.46465335392296075
0.027108795730869557	0.4661992581621267	0.6830869658797122	0.4638224202610766
0.027926625068965007	0.4671992581621267	0.6838180730927016	0.4629934896587518
0.028755563746951127	0.4681992581621267	0.6845483854653001	0.4621666087353823
0.029595919375803425	0.4691992581621267	0.6852779056306147	0.46134182603288065
0.030448012156683753	0.4701992581621267	0.6860066362090365	0.4605191921182389
0.031312175563281086	0.4711992581621267	0.6867345798084252	0.45969875969291646
0.03218875707012001	0.4721992581621267	0.6874617390242976	0.4588805837095969
0.03307811893053688	0.4731992581621267	0.6881881164400209	0.4580647214969037
0.033980639008366044	0.4741992581621267	0.6889137146270101	0.45725123289272523
0.03489671166776293	0.4751992581621267	0.6896385361449328	0.45644018038685563
0.03582674872601245	0.4761992581621267	0.690362583541917	0.45563162927372985
0.03677118047464106	0.4771992581621267	0.6910858593547693	0.45482564781610335
0.03773045677467046	0.4781992581621267	0.6918083661091965	0.45402230742061234
0.038705048232430296	0.4791992581621267	0.6925301063200386	0.4532216828262412
0.03969544746298861	0.4801992581621267	0.693251082491508	0.4524238523068287
0.04069544746298861	0.48119258007283855	0.6939664874598626	0.45163420666543963
0.04169544746298861	0.4821696436434314	0.6946694511125534	0.4508603587848518
0.04269544746298861	0.48313072097926835	0.695360209805408	0.4501020348137943
0.04369544746298861	0.4840760819516253	0.6960389919125218	0.4493589652469299
0.04469544746298861	0.4850059908393207	0.6967060247081093	0.4486308848704534
0.04569544746298861	0.48592070954203714	0.6973615280889927	0.44791753270866796
0.046695447462988614	0.48682049463502924	0.6980057206286703	0.4472186519697637
0.047695447462988615	0.4877056002066067	0.6986388140514127	0.4465339899925901
0.048695447462988616	0.4885762752602558	0.6992610185897022	0.4458632981927305
0.049695447462988616	0.4894327662351377	0.6998725380918158	0.44520633200958093
0.05069544746298862	0.4902753147019456	0.7004735747898262	0.4445628508528236
0.05169544746298862	0.49110415961462706	0.7010643249438931	0.44393261804991113
0.05269544746298862	0.4919195352558442	0.7016449831089391	0.44331540079303167
0.05369544746298862	0.4927216732596324	0.7022157382359079	0.44271097008708626
0.05469544746298862	0.4935108007699747	0.7027767775099503	0.4421191006972271
0.05569544746298862	0.4942871422672896	0.7033282828425922	0.4415395710974075
0.05669544746298862	0.49505091790979044	0.7038704343419593	0.4409721634185647
0.057695447462988624	0.4958023451911883	0.7044034071408444	0.44041666339781227
0.058695447462988624	0.4965416374394962	0.7049273745495378	0.4398728603273307
0.059695447462988625	0.49726900532886525	0.7054425051737483	0.43934054700426345
0.060695447462988626	0.4979846555145557	0.7059489657924971	0.43881951968037075
0.06169544746298863	0.49868879201818134	0.7064469187271634	0.43830957801268267
0.06269544746298863	0.4993816149808923	0.7069365244802631	0.43781052501396384
0.06369544746298864	0.5000633219383166	0.7074179393228885	0.4373221670041702
0.06469544746298864	0.5007341066767345	0.7078913177247395	0.43684431356176534
0.06569544746298864	0.5013941604115455	0.7083568101321681	0.43637677747602105
0.06669544746298864	0.502043670733473	0.7088145652153223	0.43591937469921993
0.06769544746298864	0.5026828227023509	0.7092647278130995	0.43547192429983367
0.06869544746298864	0.5033117978722723	0.7097074410195215	0.43503424841564103
0.06969544746298864	0.5039307753107983	0.7101428442753029	0.43460617220781217
0.07069544746298864	0.5045399306935296	0.7105710753124588	0.4341875238149658
0.07169544746298864	0.5051394372574257	0.7109922683750334	0.4337781343081829
0.07269544746298864	0.505729464956591	0.7114065560383329	0.4333778376460224
0.07369544746298864	0.5063101813572087	0.7118140675437433	0.43298647063048273
0.07469544746298865	0.5068817508474324	0.712214930506785	0.4326038728629907
0.07569544746298865	0.5074443354804455	0.7126092693529519	0.4322298867013258
0.07669544746298865	0.5079980942322773	0.7129972069269384	0.431864357216593
0.07769544746298865	0.5085431837986589	0.7133788630181239	0.43150713215112035
0.07869544746298865	0.5090797578953707	0.713754355881753	0.4311580618764231
0.07969544746298865	0.5096079680138524	0.7141238008441289	0.4308169993520816
0.08069544746298865	0.5101279627593577	0.714487311745196	0.4304838000847013
0.08169544746298865	0.5106398885696702	0.714844999614725	0.43015832208777455
0.08269544746298865	0.5111438890869142	0.7151969740446128	0.42984042584163773
0.08369544746298865	0.5116401058432096	0.7155433419283858	0.4295299742543184
0.08469544746298865	0.5121286776624747	0.7158842087705609	0.42922683262248784
0.08569544746298866	0.5126097413164139	0.7162196774826842	0.42893086859329227
0.08669544746298866	0.5130834309530661	0.7165498496362658	0.4286419521262971
0.08769544746298866	0.5135498787261379	0.7168748243093375	0.4283599554562981
0.08869544746298866	0.5140092142474156	0.7171946992887548	0.42808475305625204
0.08969544746298866	0.5144615651921275	0.7175095699619202	0.42781622160106175
0.09069544746298866	0.5149070567726479	0.7178195304736259	0.42755423993148517
0.09169544746298866	0.5153458123222912	0.7181246726581597	0.4272986890188871
0.09269544746298866	0.5157779527880074	0.7184250871553243	0.42704945193011695
0.09369544746298866	0.5162035972947642	0.7187208623786395	0.42680641379321765
0.09469544746298866	0.516622862655168	0.7190120855947087	0.42656946176326166
0.09569544746298866	0.517035863916379	0.719298841923657	0.4263384849890061
0.09669544746298867	0.5174427138847939	0.7195812153856138	0.42611337457967474
0.09769544746298867	0.5178435236572555	0.7198592879298984	0.42589402357254724
0.09869544746298867	0.5182384021591117	0.720133140452036	0.42568032690067376
0.09969544746298867	0.5186274566613186	0.7204028518485264	0.4254721813613853
0.10069544746298867	0.519010792330345	0.7206685000075024	0.42526948558492667
0.10169544746298867	0.51938851273263	0.7209301608862017	0.42507214000387344
0.10269544746298867	0.5197607193949358	0.7211879094781086	0.4248800468226681
0.10369544746298867	0.5201275122974991	0.7214418189104956	0.42469310998792886
0.10469544746298867	0.5204889894435524	0.7216919613906552	0.4245112351588729
0.10569544746298867	0.5208452473424012	0.7219384073210908	0.4243343296785014
0.10669544746298867	0.5211963805869405	0.7221812262272425	0.42416230254489307
0.10769544746298867	0.5215424823277934	0.7224204858880989	0.42399506438324946
0.10869544746298868	0.5218836438577391	0.722656253247635	0.4238325274180416
0.10969544746298868	0.5222199550779699	0.722888593558782	0.4236746054458983
0.11069544746298868	0.5225515040884244	0.7231175712806424	0.42352121380858887
0.11169544746298868	0.522878377647148	0.7233432492338968	0.4233722693667372
0.11269544746298868	0.5232006607655955	0.7235656894857212	0.4232276904736227
0.11369544746298868	0.523518437162016	0.7237849525148388	0.42308739694970227
0.11469544746298868	0.5238317888608512	0.724001098085943	0.4229513100572114
0.11569544746298868	0.5241407966410114	0.7242141844227113	0.4228193524754769
0.11669544746298868	0.5244455396385463	0.724424269073434	0.4226914482762993
0.11769544746298868	0.5247460957906324	0.7246314080904004	0.42256752290003813
0.11869544746298868	0.52504254144074	0.7248356568883427	0.4224475031317578
0.11969544746298869	0.5253349517791103	0.7250370694286883	0.4223313170780673
0.12069544746298869	0.5256234004496816	0.7252356990723492	0.42221889414401076
0.12169544746298869	0.5259079599877988	0.7254315977674034	0.4221101650106435
0.12269544746298869	0.5261887014281966	0.7256248168976919	0.422005061612649
0.12369544746298869	0.5264656947406539	0.725815406472556	0.4219035171166332
0.12469544746298869	0.5267390084383593	0.7260034159726428	0.42180546589944895
0.1256954474629887	0.5270087100121976	0.7261888935403785	0.4217108435271911
0.1266954474629887	0.52727486553885	0.7263718868243316	0.42161958673421
0.1276954474629887	0.5275375401143745	0.7265524421691469	0.421531633402789
0.1286954474629887	0.5277967974614142	0.7267306054597763	0.42144692254282873
0.1296954474629887	0.5280527003627188	0.7269064213096293	0.4213653942721897
0.1306954474629887	0.5283053102668475	0.7270799339059506	0.4212869897970292
0.1316954474629887	0.5285546877222651	0.7272511861949706	0.42121165139279065
0.1326954474629887	0.5288008919809404	0.727420220729681	0.4211393223851755
0.1336954474629887	0.529043981433638	0.7275870788507924	0.42106994713176227
0.1346954474629887	0.5292840132108243	0.7277518015381365	0.4210034710035955
0.1356954474629887	0.5295210436197664	0.7279144285862562	0.42093984036741694
0.1366954474629887	0.5297551277421654	0.7280749994606456	0.42087900256785415
0.1376954474629887	0.5299863198736686	0.7282335524668092	0.4208209059102471
0.1386954474629887	0.5302146731176542	0.7283901256125437	0.4207654996434188
0.1396954474629887	0.5304402398277602	0.7285447557693039	0.4207127339430807
0.1406954474629887	0.5306630711972441	0.7286974795417294	0.42066255989516843
0.1416954474629887	0.5308832177051341	0.7288483324201539	0.4206149294798096
0.1426954474629887	0.5311007287005866	0.7289973496585801	0.42056979555520774
0.1436954474629887	0.5313156528532657	0.7291445654171652	0.4205271118421562
0.1446954474629887	0.5315280377321177	0.7292900136498532	0.4204868329084542
0.1456954474629887	0.5317379302605911	0.7294337272356579	0.42044891415395075
0.1466954474629887	0.5319453762892414	0.7295757388771736	0.4204133117954767
0.1476954474629887	0.5321504210564082	0.7297160802194648	0.4203799828524033
0.1486954474629887	0.532353108754057	0.7298547827606883	0.4203488851320741
0.1496954474629887	0.5325534829945403	0.729991876957379	0.4203199772158631
0.1506954474629887	0.5327515863690712	0.7301273931484409	0.42029321844509127
0.15169544746298871	0.5329474609212067	0.7302613606455918	0.4202685689075691
0.15269544746298871	0.5331411476973347	0.7303938086720049	0.42024598942398217
0.15369544746298872	0.5333326872275324	0.730524765436648	0.4202254415349045
0.15469544746298872	0.5335221190674325	0.7306542590888874	0.4202068874876377
0.15569544746298872	0.5337094822871263	0.730782316775423	0.42019029022368065
0.15669544746298872	0.533894815003757	0.7309089656122001	0.4201756133660085
0.15769544746298872	0.5340781548791533	0.7310342317226061	0.4201628212069843
0.15869544746298872	0.5342595386424813	0.7311581412280722	0.4201518786960634
0.15969544746298872	0.534439002597314	0.7312807192661578	0.4201427514281341
0.16069544746298872	0.5346165821336495	0.7314019910012656	0.42013540563163354
0.16169544746298872	0.5347923122451458	0.7315219806211913	0.4201298081573038
0.16269544746298872	0.5349662270297879	0.7316407123694291	0.4201259264667057
0.16369544746298872	0.5351383602180442	0.7317582095187087	0.42012372862137815
0.16469544746298873	0.5353087446614369	0.7318744954264202	0.4201231832717363
0.16569544746298873	0.5354774128724027	0.7319895924836081	0.4201242596466214
0.16669544746298873	0.5356443964999942	0.7321035231950992	0.4201269275425708
0.16769544746298873	0.5358097268822566	0.7322163091023625	0.42013115731374606
0.16869544746298873	0.5359734345082542	0.7323279718899891	0.42013691986156215
0.16969544746298873	0.5361355495838103	0.7324385322807564	0.4201441866249823
0.17069544746298873	0.5362961014790171	0.7325480111701794	0.420152929570494
0.17169544746298873	0.5364551193082205	0.7326564284920469	0.42016312118275906
0.17269544746298873	0.5366126313621358	0.732763804382837	0.4201747344549245
0.17369544746298873	0.5367686657029973	0.7328701580159112	0.4201877428796169
0.17469544746298873	0.5369232495803598	0.7329755087976728	0.4202021204395764
0.17569544746298874	0.5370764100423773	0.7330798751685191	0.4202178415989848
0.17669544746298874	0.5372281733343249	0.7331832758327044	0.4202348812944109
0.17769544746298874	0.5373785655270161	0.7332857285240629	0.4202532149264624
0.17869544746298874	0.5375276118970326	0.7333872512716333	0.4202728183510313
0.17969544746298874	0.5376753375733376	0.7334878611280631	0.4202936678712596
0.18069544746298874	0.5378217668981513	0.7335875754731538	0.42031574022907414
0.18169544746298874	0.5379669240928692	0.7336864107027535	0.4203390125974559
0.18269544746298874	0.5381108325984654	0.7337843835724902	0.4203634625722541
0.18369544746298874	0.5382535157618832	0.7338815098448437	0.4203890681647501
0.18469544746298874	0.5383949961547886	0.7339778056754531	0.42041580779373994
0.18569544746298874	0.5385352962816594	0.734073286215938	0.42044366027838376
0.18669544746298875	0.5386744378756501	0.7341679670452915	0.42047260483054716
0.18769544746298875	0.5388124426296704	0.7342618627258888	0.4205026210479272
0.18869544746298875	0.5389493314680538	0.7343549882826109	0.42053368890664283
0.18969544746298875	0.5390851253019872	0.7344473577093417	0.4205657887546294
0.19069544746298875	0.5392198442756025	0.7345389854986109	0.4205989013044682
0.19169544746298875	0.539353508547193	0.7346298850957296	0.4206330076270414
0.19269544746298875	0.5394861375082715	0.734720070481895	0.4206680891445918
0.19369544746298875	0.5396177505920855	0.7348095545729567	0.4207041276246302
0.19469544746298875	0.5397483664641057	0.7348983508590886	0.4207411051732163
0.19569544746298875	0.5398780038594376	0.7349864717450076	0.4207790042291111
0.19669544746298875	0.5400066807431122	0.7350739302494952	0.42081780755727
0.19769544746298875	0.5401344151780845	0.7351607382837064	0.42085749824323343
0.19869544746298876	0.5402612244536039	0.7352469084140135	0.420898059686823
0.19969544746298876	0.5403871259855888	0.7353324520748445	0.42093947559676365
0.20069544746298876	0.5405121364112508	0.7354173813985271	0.4209817299845747
0.20169544746298876	0.5406362725237382	0.7355017073588842	0.421024807159417
0.20269544746298876	0.5407595503310821	0.7355854416719725	0.42106869172217
0.20369544746298876	0.5408819860271125	0.7356685948664404	0.421113368560498
0.20469544746298876	0.5410035950126776	0.735751178259284	0.42115882284310585
0.20569544746298876	0.5411243929049567	0.7358332019487348	0.42120504001501724
0.20669544746298876	0.54124439451878	0.7359146768694033	0.4212520057920014
0.20769544746298876	0.5413636149165882	0.7359956127032071	0.42129970615605844
0.20869544746298876	0.54148206834755	0.7360760200185383	0.4213481273500086
0.20969544746298877	0.5415997693405554	0.7361559080944661	0.4213972558731794
0.21069544746298877	0.5417167315986833	0.7362352871488484	0.4214470784761499
0.21169544746298877	0.5418329691377642	0.7363141660707501	0.4214975821566346
0.21269544746298877	0.5419484951335979	0.7363925547427232	0.42154875415437526
0.21369544746298877	0.5420633231087778	0.7364704616760654	0.4216005819472167
0.21469544746298877	0.5421774657298962	0.7365478964328206	0.4216530532461389
0.21569544746298877	0.5422909360454903	0.7366248671581636	0.42170615599151984
0.21669544746298877	0.5424037462302987	0.7367013831080207	0.4217598783483008
0.21769544746298877	0.5425159088773686	0.7367774520725088	0.4218142087024327
0.21869544746298877	0.5426274356862405	0.7368530830154465	0.42186913565616657
0.21969544746298877	0.542738338812449	0.7369282833823882	0.42192464802467955
0.22069544746298878	0.5428486294963144	0.7370030618586981	0.42198073483148396
0.22169544746298878	0.5429583194732737	0.7370774255553051	0.4220373853052289
0.22269544746298878	0.5430674195397425	0.73715138289244	0.422094588875221
0.22369544746298878	0.5431759410279379	0.7372249406557944	0.42215233516839856
0.22469544746298878	0.5432838943050444	0.7372981070134779	0.4222106140049569
0.22569544746298878	0.5433912903164239	0.7373708884347914	0.4222694153954916
0.22669544746298878	0.5434981390140747	0.7374432928484537	0.4223287295367219
0.22769544746298878	0.543604450972381	0.7375153264156853	0.4223885468088005
0.22869544746298878	0.5437102357415884	0.7375869968382853	0.42244885777112784
0.22969544746298878	0.5438155035405161	0.7376583099771755	0.42250965315982625
0.23069544746298878	0.5439202635304922	0.7377292733194716	0.42257092388363793
0.23169544746298879	0.5440245255897442	0.7377998924330529	0.4226326610215614
0.23269544746298879	0.5441282985029328	0.7378701746023786	0.4226948558188267
0.2336954474629888	0.544231591822251	0.7379401251090186	0.4227574996846921
0.2346954474629888	0.5443344139673691	0.7380097510466186	0.42282058418848945
0.2356954474629888	0.5444367741786104	0.7380790574166509	0.4228841010575799
0.2366954474629888	0.5445386805217699	0.7381480511336312	0.4229480421734625
0.2376954474629888	0.544640141939096	0.7382167369246249	0.4230123995698876
0.2386954474629888	0.5447411661530726	0.7382851215365686	0.423077165429022
0.2396954474629888	0.5448417618213224	0.7383532094272875	0.42314233207971913
0.2406954474629888	0.5449419363330379	0.738421007187585	0.42320789199373343
0.2416954474629888	0.5450416980743436	0.7384885190106869	0.42327383778414723
0.2426954474629888	0.5451410541106257	0.7385557513426292	0.4233401622016271
0.2436954474629888	0.5452400125693381	0.7386227081161479	0.4234068581330075
0.2446954474629888	0.545338580201017	0.7386893956438282	0.4234739185975816
0.2456954474629888	0.5454367648869979	0.7387558176014883	0.4235413367458418
0.2466954474629888	0.5455345730714006	0.7388219801795557	0.4236091058557984
0.2476954474629888	0.545632012401742	0.7388878867999588	0.42367721933187713
0.2486954474629888	0.5457290890236401	0.7389535435422688	0.4237456707012579
0.2496954474629888	0.5458258103628654	0.7390189535769957	0.423814453612931
0.2506954474629888	0.5459221822739325	0.7390841228841963	0.4238835618340481
0.2516954474629888	0.5460182119727339	0.7391490543848649	0.4239529892491381
0.2526954474629888	0.5461139050295656	0.7392137539709578	0.42402272985646305
0.2536954474629888	0.546209268462131	0.7392782243152751	0.42409277776739585
0.2546954474629888	0.5463043075628781	0.7393424712331919	0.42416312720277183
0.2556954474629888	0.546399029162857	0.7394064971500369	0.42423377249243144
0.2566954474629888	0.5464934382825223	0.7394703078162654	0.4243047080715594
0.2576954474629888	0.5465875415776794	0.7395339054098393	0.4243759284803946
0.2586954474629888	0.546681343802127	0.7395972956281357	0.42444742836054855
0.2596954474629888	0.5467748514477321	0.7396604804012145	0.4245192024548858
0.2606954474629888	0.5468680690064528	0.7397234653854347	0.4245912456038122
0.2616954474629888	0.5469610028174509	0.7397862522617557	0.4246635527453305
0.2626954474629888	0.5470536571151305	0.7398488466578407	0.42473611891128893
0.2636954474629888	0.5471460380971365	0.7399112500036571	0.424808939227616
0.2646954474629888	0.5472381497440698	0.7399734679108005	0.4248820089105196
0.2656954474629888	0.5473299981232305	0.7400355015556331	0.42495532326690677
0.2666954474629888	0.5474215869646216	0.7400973565466642	0.4250288776905227
0.2676954474629888	0.5475129222163853	0.7401590338032812	0.42510266766256116
0.2686954474629888	0.5476040073605751	0.740220538944291	0.4251766887477327
0.2696954474629888	0.5476948482374093	0.740281872627943	0.42525093659507196
0.2706954474629888	0.5477854480830687	0.7403430404971831	0.42532540693392434
0.2716954474629888	0.5478758126411628	0.7404040429441219	0.4254000955749573
0.2726954474629888	0.5479659449034885	0.7404648856502013	0.4254749984060528
0.2736954474629888	0.5480558505284782	0.7405255687355096	0.42555011139353144
0.2746954474629888	0.5481455322644284	0.7405860979349163	0.4256254305779379
0.2756954474629888	0.5482349956961786	0.7406464730896714	0.4257009520754866
0.2766954474629888	0.5483242433287815	0.7407067000036458	0.4257766720737269
0.2776954474629888	0.5484132806852612	0.740766778231444	0.42585258683322
0.2786954474629888	0.5485021100270309	0.7408267136622253	0.42592869268307004
0.2796954474629888	0.5485907368273117	0.7408865055550902	0.42600498602284265
0.2806954474629888	0.548679163102804	0.7409461599015611	0.4260814633179467
0.2816954474629888	0.548767394289217	0.7410056756552571	0.42615812110180745
0.2826954474629888	0.548855432156755	0.7410650589280097	0.426234955971082
0.2836954474629888	0.5489432821162336	0.7411243083567849	0.42631196458809983
0.2846954474629888	0.5490309456888354	0.741183430192627	0.42638914367589564
0.2856954474629888	0.5491184282734759	0.741242422743404	0.4264664900209311
0.2866954474629888	0.5492057311390101	0.7413012924193308	0.426544000467927
0.2876954474629888	0.5492928596858783	0.7413600371853675	0.42662167192288164
0.2886954474629888	0.5493798149264781	0.7414186636320147	0.4266995013476827
0.2896954474629888	0.5494666022766883	0.7414771693660535	0.4267774857634396
0.2906954474629888	0.5495532224874501	0.7415355611806536	0.4268556222448541
0.2916954474629888	0.549639681004544	0.7415938363075785	0.42693390792388525
0.2926954474629888	0.5497259783115351	0.741652001766439	0.4270123399838559
0.2936954474629888	0.5498121198991873	0.7417100543954573	0.4270909156634707
0.2946954474629888	0.5498981059767908	0.7417680014659781	0.4271696322506352
0.2956954474629888	0.5499839420958628	0.7418258394023463	0.42724848708684804
0.2966954474629888	0.5500696281834797	0.7418835757545936	0.42732747756070716
0.2976954474629888	0.5501551698684491	0.741941206510901	0.4274066011127001
0.2986954474629888	0.5502405667865853	0.7419987395287555	0.42748585522836996
0.2996954474629888	0.550325824661372	0.7420561703357844	0.42756523744352964
0.3006954474629888	0.550410942827128	0.7421135071276795	0.42764474533705754
0.3016954474629888	0.5504959271203398	0.7421707449448556	0.42772437653656453
0.3026954474629888	0.5505807765623281	0.7422278923541211	0.4278041287107872
0.3036954474629888	0.5506654971219468	0.7422849438795684	0.42788399957573825
0.3046954474629888	0.550750087494656	0.7423419084943961	0.4279639868866629
0.3056954474629888	0.5508345538021856	0.7423987801746128	0.4280440884447058
0.3066954474629888	0.5509188943998118	0.7424555683376551	0.4281243020883942
0.3076954474629888	0.5510031155839075	0.742512266376822	0.42820462570085716
0.3086954474629888	0.5510872153536717	0.742568884194443	0.4282850572007952
0.3096954474629888	0.5511712002032707	0.7426254145633772	0.4283655945502917
0.3106954474629888	0.5512550677582411	0.7426818679145655	0.42844623574522583
0.31169544746298883	0.5513388247352118	0.742738236359334	0.42852697882371854
0.31269544746298883	0.5514224683666488	0.7427945309042916	0.42860782185594215
0.31369544746298883	0.5515060056179781	0.7428507429544945	0.4286887629532478
0.31469544746298883	0.5515894333072188	0.742906884142917	0.4287698002573212
0.31569544746298883	0.5516727586767545	0.7429629451196518	0.4288509319500415
0.31669544746298883	0.5517559781066523	0.7430189381987089	0.4289321562419291
0.31769544746298883	0.5518390991464162	0.7430748532222287	0.4290134713827909
0.31869544746298883	0.5519221177123542	0.743130703244259	0.4290948756494009
0.31969544746298884	0.5520050416934436	0.743186477241334	0.42917636735699133
0.32069544746298884	0.5520878665139339	0.7432421890712644	0.4292579448461024
0.32169544746298884	0.5521706004370261	0.743297826782256	0.42933960649498387
0.32269544746298884	0.5522532383639107	0.7433534051047591	0.42942135070554494
0.32369544746298884	0.5523357889693872	0.7434089110904164	0.42950317591673637
0.32469544746298884	0.5524182465976546	0.743464360416816	0.4295850805895257
0.32569544746298884	0.5525006203753571	0.7435197390648037	0.4296670632213365
0.32669544746298884	0.5525829040525885	0.7435750637397377	0.42974912232996715
0.32769544746298884	0.5526651072512239	0.7436303192709046	0.42983125646917053
0.32869544746298884	0.5527472230866803	0.7436855234787584	0.42991346421142856
0.32969544746298884	0.5528292617228862	0.7437406599531533	0.4299957441647624
0.33069544746298885	0.5529112155962509	0.7437957477242727	0.4300780949542666
0.33169544746298885	0.5529930954633357	0.7438507690469164	0.43016051524024873
0.33269544746298885	0.553074893033122	0.7439057442636086	0.4302430036984193
0.33369544746298885	0.553156619709493	0.7439606541900281	0.4303255590394671
0.33469544746298885	0.5532382664211292	0.7440155205923644	0.4304081799877921
0.33569544746298885	0.553319845278421	0.744070322733897	0.4304908653026336
0.33669544746298885	0.5534013463720234	0.7441250839253234	0.4305736137552223
0.33769544746298885	0.5534827825829384	0.7441797817541953	0.43065642415158867
0.33869544746298885	0.5535641431007832	0.7442344412069625	0.4307392953080009
0.33969544746298885	0.5536454416466559	0.7442890380611501	0.43082222607559084
0.34069544746298885	0.5537266664403583	0.7443435991215709	0.43090521531393267
0.34169544746298885	0.5538078321184565	0.7443980982094481	0.430988261917637
0.34269544746298886	0.5538889258558675	0.7444525641029938	0.4310713647879121
0.34369544746298886	0.5539699632864405	0.7445069685077697	0.43115452286129013
0.34469544746298886	0.5540509304582689	0.7445613423440134	0.4312377350789984
0.34569544746298886	0.5541318440913541	0.7446156550279656	0.43132100041799654
0.34669544746298886	0.5542126890175233	0.7446699398053827	0.43140431785796984
0.34769544746298886	0.5542934831395213	0.7447241636138899	0.431487686414873
0.34869544746298886	0.5543742099752681	0.7447783622245239	0.4315711051053402
0.34969544746298886	0.554454888715299	0.7448324998899011	0.4316545729829481
0.35069544746298886	0.5545355014570207	0.7448866151239052	0.43173808909982
0.35169544746298886	0.5546160687930698	0.7449406692690427	0.43182165254583965
0.35269544746298886	0.5546965712839282	0.7449947038191075	0.4319052624072062
0.35369544746298887	0.5547770310487926	0.7450486769609174	0.4319889178088527
0.35469544746298887	0.5548574269840797	0.7451026334265931	0.43207261786968504
0.35569544746298887	0.5549377828711263	0.745156527979263	0.43215636174848254
0.35669544746298887	0.5550180758033973	0.7452104088711877	0.4322401485955312
0.35769544746298887	0.5550983313721423	0.7452642271492441	0.43232397760230773
0.35869544746298887	0.5551785247161228	0.7453180348932866	0.4324078479491907
0.35969544746298887	0.5552586833976418	0.7453717791144662	0.43249175885925834
0.36069544746298887	0.5553387804349115	0.7454255160557961	0.43257570954173147
0.3616954474629889	0.5554188455370918	0.7454791883437248	0.4326596992502461
0.3626954474629889	0.5554988494205502	0.7455328567508198	0.4327437272216495
0.3636954474629889	0.5555788241331949	0.7455864591374987	0.4328277927391427
0.3646954474629889	0.5556587378913125	0.7456400612061004	0.432911895066016
0.3656954474629889	0.5557386252911071	0.7456935956341944	0.4329960335140932
0.3666954474629889	0.5558184518319642	0.7457471334912265	0.43308020737195413
0.3676954474629889	0.555898254887315	0.7458006018161539	0.4331644159791528
0.3686954474629889	0.5559779970024309	0.7458540775236129	0.43324865864843237
0.3696954474629889	0.5560577185781874	0.7459074815154301	0.4333329347462342
0.3706954474629889	0.5561373789461406	0.7459608970742645	0.4334172436083632
0.3716954474629889	0.5562170218082122	0.7460142384193407	0.43350158462735444
0.3726954474629889	0.5562966029980536	0.7460675957733324	0.43358595716099546
0.3736954474629889	0.5563761698179315	0.7461208760758077	0.4336703606271704
0.3746954474629889	0.5564556742923902	0.7461741771154695	0.43375479440458975
0.3756954474629889	0.556535167651586	0.7462273978984878	0.43383925793579153
0.3766954474629889	0.5566145977700654	0.7462806444649966	0.4339237506193663
0.3776954474629889	0.5566940201644803	0.7463338071717032	0.43400827192186026
0.3786954474629889	0.556773378185845	0.7463870010608835	0.434092821260715
0.3796954474629889	0.5568527320300793	0.746440107055177	0.4341773981258897
0.3806954474629889	0.5569320201152284	0.7464932500215563	0.4342620019526586
0.3816954474629889	0.5570113077468468	0.7465463005885813	0.4343466322538492
0.3826954474629889	0.5570905279610702	0.7465993943495361	0.4344312884815583
0.3836954474629889	0.5571697516448358	0.7466523906959014	0.43451597017098886
0.3846954474629889	0.5572489059599496	0.7467054369359192	0.43460067679005454
0.3856954474629889	0.5573280678920428	0.7467583801896239	0.434685407895894
0.3866954474629889	0.5574071581882948	0.7468113805647032	0.43477016297123267
0.3876954474629889	0.5574862605005307	0.7468642717747515	0.4348549415947602
0.3886954474629889	0.5575652885682716	0.7469172279169696	0.43493974326300605
0.3896954474629889	0.5576443333323353	0.7469700680526516	0.4350245675758825
0.3906954474629889	0.5577233008734441	0.7470229815749272	0.4351094140427085
0.3916954474629889	0.5578022901051602	0.747075771524741	0.4351942822843491
0.3926954474629889	0.5578811987342149	0.7471286440258258	0.43527917182188736
0.3936954474629889	0.5579601343978724	0.7471813845960109	0.43536408229693285
0.3946954474629889	0.5580389856430509	0.7472342176657458	0.4354490132412915
0.3956954474629889	0.558117869655803	0.7472869095783967	0.4355339643171733
0.3966954474629889	0.5581966649595022	0.7473397048032723	0.4356189350660452
0.3976954474629889	0.5582754991958672	0.7473923486939945	0.43570392517064144
0.3986954474629889	0.5583542399150211	0.7474451076630592	0.4357889341810022
0.3996954474629889	0.5584330262115057	0.7474977040781285	0.4358739618003812
0.4006954474629889	0.5585117136175851	0.7475504283892925	0.43595900758627243
0.4016954474629889	0.5585904537774609	0.747602977782269	0.43604407126252065
0.4026954474629889	0.5586690890561304	0.7476556690490583	0.436129152392916
0.4036954474629889	0.5587477848543926	0.7477081717768053	0.436214250722047
0.4046954474629889	0.5588263691048014	0.7477608316356251	0.4362993658187972
0.4056954474629889	0.5589050222933434	0.7478132879536731	0.43638449744873864
0.4066954474629889	0.5589835565270198	0.7478659180716456	0.43646964518459297
0.4076954474629889	0.5590621688400599	0.7479183281288382	0.43655480881324915
0.4086954474629889	0.5591406539793785	0.7479709302122886	0.4366399879099505
0.4096954474629889	0.5592192271391799	0.748023294044635	0.4367251822833371
0.4106954474629889	0.5592976640153631	0.7480758698483077	0.43681039150978773
0.4116954474629889	0.5593761997382909	0.748128187371961	0.4368956154202367
0.4126954474629889	0.5594545890889042	0.7481807387090553	0.4369808535907318
0.4136954474629889	0.5595330890918704	0.7482330097123239	0.43706610587516326
0.4146954474629889	0.5596114315577648	0.7482855384654529	0.4371513718476904
0.4156954474629889	0.5596898975651147	0.7483377625997428	0.43723665138594964
0.4166954474629889	0.5597681936867628	0.7483902707329236	0.43732194406055086
0.4176954474629889	0.5598466274376652	0.7484424475024961	0.4374072497738076
0.4186954474629889	0.5599248776508313	0.7484949370743025	0.4374925680910025
0.4196954474629889	0.5600032809072403	0.7485470658247153	0.4375778989402103
0.4206954474629889	0.5600814855379194	0.7485995390027285	0.4376632418794771
0.4216954474629889	0.5601598600931806	0.7486516189078212	0.43774859686389095
0.4226954474629889	0.5602380193517298	0.7487040779845374	0.4378339634422037
0.42369544746298893	0.5603163670399206	0.7487561080317914	0.4379193415979535
0.42469544746298893	0.560394481014298	0.7488085554421626	0.43800473086837366
0.42569544746298893	0.5604728037203897	0.7488605344162587	0.4380901312670912
0.42669544746298893	0.5605508723684077	0.7489129727570596	0.4381755423174103
0.42769544746298893	0.5606291720393582	0.7489648992214265	0.43826096406490894
0.42869544746298893	0.5607071951798438	0.7490173312726682	0.43834639601634184
0.42969544746298893	0.5607854738367369	0.7490692035487958	0.43843183825134574
0.43069544746298893	0.5608634511394784	0.7491216322974309	0.43851729025727126
0.43169544746298893	0.560941710890839	0.7491734484416872	0.438602752150193
0.43269544746298894	0.5610196418651864	0.7492258771078817	0.4386882233949409
0.43369544746298894	0.5610978849216199	0.7492776348855494	0.43877370414670613
0.43469544746298894	0.5611757689035862	0.7493300669518286	0.43885919384438793
0.43569544746298894	0.5612539975939056	0.7493817638080349	0.4389446926853047
0.43669544746298894	0.5613318337316004	0.7494342030516477	0.43903020007868737
0.43769544746298894	0.5614100505206222	0.7494858360788287	0.4391157162673592
0.43869544746298894	0.5614878377578276	0.7495382866077156	0.43920124062677895
0.43969544746298894	0.561566045266044	0.7495898525092053	0.43928677344905975
0.44069544746298894	0.5616437823237169	0.7496423188020062	0.4393723140713756
0.44169544746298894	0.5617219833490745	0.7496938138512931	0.4394578628393655
0.44269544746298894	0.561799668704536	0.749746300801879	0.4395434190469493
0.44369544746298895	0.5618778662465773	0.7497977207970201	0.43962898309802956
0.44469544746298895	0.5619554981101188	0.7498502337640952	0.4397145542377925
0.44569544746298895	0.5620336953967787	0.7499015739767076	0.43980013293369874
0.44669544746298895	0.5621112716853798	0.7499541188390959	0.4398857183761517
0.44769544746298895	0.5621894722027603	0.7500053739572798	0.4399713111020838
0.44869544746298895	0.5622669905105775	0.7500579571755835	0.44005691024043053
0.44969544746298895	0.5623451980360673	0.7501091212400486	0.44014251640419877
0.45069544746298895	0.5624226556013088	0.7501617499254534	0.44022812865346006
0.45169544746298895	0.5625008742404571	0.750212816258029	0.4403137476846654
0.45269544746298895	0.5625782679082105	0.7502654982491245	0.4403993724808332
0.45369544746298895	0.5626565021358174	0.7503164593727346	0.4404850038300821
0.45469544746298896	0.5627338283163454	0.750369203321331	0.44057064062930146
0.45569544746298896	0.5628120830222864	0.7504200508703951	0.4406562837674532
0.45669544746298896	0.5628893376442409	0.7504728663374345	0.44074193204523116
0.45769544746298896	0.5629676181846102	0.7505235909575306	0.44082758646267767
0.45869544746298896	0.5630447966425487	0.750576488520333	0.4409132457131175
0.45969544746298896	0.5631231088967777	0.7506270797558101	0.44099891091909454
0.46069544746298896	0.563200205992289	0.7506800711280468	0.44108458065415346
0.46169544746298896	0.5632785564269784	0.7507305172961075	0.4411702561760826
0.46269544746298896	0.5633555663026327	0.750783615462075	0.441255935924852
0.46369544746298896	0.5634339620429317	0.7508339035116635	0.4413416213077131
0.46469544746298896	0.563510878108176	0.7508871228766242	0.4414273106157196
0.46569544746298897	0.5635893270176467	0.7509372382302435	0.4415130054214532
0.46669544746298897	0.5636661418656492	0.7509905947888295	0.4415987038499787
0.46769544746298897	0.5637446526356724	0.7510405211651708	0.4416844076569183
0.46869544746298897	0.5638213579499987	0.751094032690096	0.441770114782338
0.46969544746298897	0.5638999401999137	0.7511437519050986	0.44185582718467126
0.47069544746298897	0.5639765266497684	0.7511974381587143	0.44194154259780777
0.47169544746298897	0.5640551910390897	0.7512469299023616	0.44202726320506736
0.47269544746298897	0.564131648161699	0.751300812873915	0.4421129865105588
0.47369544746298897	0.5642104065159279	0.7513500544597336	0.4421987149471428
0.474695447462989	0.5642867225844538	0.7514041586315552	0.44228444576282394
0.475695447462989	0.5643655880361947	0.751453124715388	0.4423701816675458
0.476695447462989	0.5644417499113636	0.7515074773616509	0.44245591962383973
0.477695447462989	0.5645207370586789	0.7515561396258377	0.442541662649508
0.478695447462989	0.564596730022074	0.7516107711480001	0.44262740738882655
0.479695447462989	0.5646758551062572	0.7516590979465936	0.4427131572018555
0.480695447462989	0.5647516626729564	0.7517140422501714	0.4427989083780066
0.481695447462989	0.5648309437781909	0.7517619982102531	0.44288466465805787
0.482695447462989	0.5649065474861312	0.7518172931281714	0.442970421935657
0.483695447462989	0.5649860047638197	0.7518648387016859	0.4430561843753136
0.484695447462989	0.5650613839369272	0.7519205264701446	0.44314194742919744
0.485695447462989	0.565141039857842	0.7519676174299434	0.44322771573367126
0.486695447462989	0.5652161713395794	0.7520237452235073	0.4433134842483108
0.487695447462989	0.5652960509773959	0.7520703320964662	0.4433992581351848
0.488695447462989	0.56537090883094	0.7521269526299689	0.4434850318040948
0.489695447462989	0.5654510401811822	0.752172980059108	0.4435708110031024
0.490695447462989	0.5655255953519469	0.752230152264957	0.44365658952824416
0.491695447462989	0.5656060096909067	0.7522755582914259	0.44374237378108655
0.492695447462989	0.5656802296265586	0.7523333480820338	0.44382815687226074
0.493695447462989	0.565760961915352	0.7523780633366173	0.4439139459324665
0.494695447462989	0.5658348101378275	0.7524365444629626	0.443999733306692
0.495695447462989	0.5659158994774339	0.7524804912553973	0.44408552693952025
0.496695447462989	0.5659893351007348	0.752539746274185	0.4441713183203948
0.497695447462989	0.5660708252446436	0.7525828375670127	0.4442571163027861
0.498695447462989	0.5661438024313614	0.7526429589305594	0.44434291141982407
0.499695447462989	0.5662257423633322	0.7526850971824818	0.4444287135404031
0.500695447462989	0.5662982097119124	0.7527461884673385	0.4445145121283451
0.501695447462989	0.5663806542973572	0.7527872643290238	0.44460031818747936
0.502695447462989	0.5664525541510413	0.7528494416214886	0.44468611998556784
0.503695447462989	0.5665355648716793	0.752889332464499	0.4447719297954878
0.504695447462989	0.5666068325388508	0.7529527259236115	0.444857734546702
0.505695447462989	0.5666904783215807	0.7529912941805191	0.44494354793168867
0.506695447462989	0.5667610411958549	0.7530560498018966	0.44502935538193156
0.507695447462989	0.5668453993482673	0.7530931410927028	0.44511517217857866
0.508695447462989	0.566915175915093	0.7531594226997338	0.4452009820758074
0.509695447462989	0.5670003331817218	0.7531948637163397	0.4452868021333659
0.510695447462989	0.5670692318964714	0.7532628552088368	0.4453726142266566
0.511695447462989	0.5671552856517966	0.7532964513254878	0.44545843740747093
0.512695447462989	0.5672232036722823	0.7533663592199884	0.44554425144600684
0.513695447462989	0.5673102632686702	0.7533978917932513	0.4456300776260533
0.514695447462989	0.5673770850226997	0.7534699480938092	0.4457158933580247
0.515695447462989	0.5674652733139482	0.7534991714106749	0.4458017224275635
0.516695447462989	0.5675308688798905	0.7535736368542871	0.44588753959896543
0.517695447462989	0.567620323943871	0.7536002746813317	0.4459733714633211
0.518695447462989	0.5676845472191833	0.753677442408187	0.44605918981663356
0.519695447462989	0.567775424306289	0.753701184088272	0.44614502439711845
0.520695447462989	0.5678381109355204	0.7537813837938961	0.44623084366985155
0.521695447462989	0.5679305846733065	0.7538018798295325	0.4463166809048504
0.522695447462989	0.567991549703172	0.753885482463764	0.4464025008279349
0.523695447462989	0.5680858165917579	0.7539023395178694	0.4464883406741714
0.524695447462989	0.5681448518164023	0.7539897626045602	0.44657416097017166
0.525695447462989	0.5682411330539864	0.7540025378397697	0.4466600034041799
0.526695447462989	0.5682980040084543	0.7540942515013348	0.44674582378530336
0.527695447462989	0.5683965486917463	0.7541024461680895	0.4468316688051303
0.528695447462989	0.5684509912458457	0.7541989799507066	0.44691748897100525
0.529695447462989	0.5685520799964497	0.7542020321218711	0.44700333659817565
0.530695447462989	0.5686037964945416	0.7543039827304643	0.4470891562333626
0.531695447462989	0.5687077455694359	0.7543012590659683	0.44717500651513975
0.532695447462989	0.5687564004540795	0.7544092991333461	0.4472608252863396
0.533695447462989	0.5688635664064678	0.7544000855420615	0.4473466782983222
0.534695447462989	0.5689087812551665	0.7545149735739813	0.4474324958512373
0.535695447462989	0.5690195662212625	0.7544984646214334	0.4475183517003372
0.536695447462989	0.5690609141156208	0.7546210562792676	0.4476041676561359
0.537695447462989	0.56917577181355	0.7545963431685004	0.4476900264839882
0.538695447462989	0.5692127709487995	0.7547276040739265	0.44777584043531693
0.539695447462989	0.5693322134879489	0.7546936610025052	0.447861702422181
0.540695447462989	0.5693643199178119	0.7548346812746745	0.4479475139286587
0.541695447462989	0.5694889255308533	0.7547903499429618	0.4480333792978778
0.542695447462989	0.569515524927848	0.7549423607083754	0.44811918788099986
0.543695447462989	0.5696459467535654	0.7548863327223561	0.4482050569040949
0.544695447462989	0.5696663450478493	0.755050724871768	0.4482908620414614
0.545695447462989	0.5698033211111084	0.7549815217472126	0.4483767350439472
0.546695447462989	0.5698167338514736	0.7551598672529076	0.44846253616271986
0.547695447462989	0.5699610984075235	0.7550758176858878	0.44854841353074315
0.548695447462989	0.5699666386658488	0.755269893837385	0.44863421000021997
0.549695447462989	0.5701193351000338	0.7551691078582891	0.4487200921881334
0.550695447462989	0.5701159997149392	0.755380924825743	0.4488058833113146
0.551695447462989	0.5702780952162724	0.7552612643990932	0.44889177085031706
0.552695447462989	0.5702647491424199	0.7554930965923689	0.4489775558543172
0.553695447462989	0.5704374514008572	0.7553521421618585	0.44906344936230885
0.554695447462989	0.5704128098967548	0.7556065639205606	0.4491492273874487
0.555695447462989	0.5705974861099903	0.755441576326629	0.44923512758027095
0.556695447462989	0.5705600944586339	0.7557215025535603	0.44932089766765776
0.557695447462989	0.5707582929755263	0.7555293796681019	0.4494068053719121
0.558695447462989	0.5707065033880135	0.7558381121071857	0.4494925664492888
0.559695447462989	0.5709199783631257	0.7556153394350733	0.449578482616956
0.560695447462989	0.5708519236646598	0.7559566193964076	0.44966423348256707
0.561695447462989	0.5710826631527745	0.7556992137845547	0.44975015920768
0.562695447462989	0.5709962267922433	0.7560772822359485	0.44983589851186295
0.563695447462989	0.5712464847741645	0.7557807277055161	0.44992183504952177
0.564695447462989	0.5711392666316166	0.7562003937838466	0.4500075612736901
0.565695447462989	0.5714115995342983	0.7558595683574874	0.4500935100617493
0.566695447462989	0.5712808769238198	0.756326287507145	0.4501792214943815
0.5676954474629891	0.5715781852802825	0.7559353797380439	0.4502651841781855
0.5686954474629891	0.5714208684575157	0.7564553428606023	0.4503508788873744
0.5696954474629891	0.5717464444467556	0.7560077565802569	0.45043685734797045
0.5706954474629891	0.5715590258288377	0.7565879917828278	0.45052253315002017
0.5716954474629891	0.5719166075448613	0.7560762373662685	0.45060852953633745
0.5726954474629891	0.571695103733903	0.7567247261297743	0.45069418395981303
0.5736954474629891	0.5720889371583174	0.7561402963259057	0.45078020072536534
0.5746954474629891	0.5718288227253648	0.7568661061833919	0.45086583096990773
0.5756954474629891	0.5722637325221079	0.7561993342693256	0.45095187091465316
0.5766954474629891	0.5719598643541575	0.7570127703937964	0.45103747380376247
0.5776954474629891	0.5724413347708669	0.7562526680796583	0.4511235401218413
0.5786954474629891	0.5720878656058533	0.7571654465369403	0.4512091120487032
0.5796954474629891	0.5726221329573834	0.7562995186649734	0.45129520838287207
0.5806706330542787	0.5722225794977562	0.7572995186649734	0.4513786227014165
0.5816706330542787	0.5727918141552856	0.7563634893124092	0.4514647385577785
0.5825795917387685	0.5723854831618268	0.7573634893124092	0.4515424663257391
0.5835795917387685	0.5729209418052665	0.7564950947098338	0.45162856123449946
0.5845519951324338	0.5725210673373891	0.7574950947098338	0.45171173353954036
0.5855519951324338	0.5730891629598385	0.7565612678218988	0.45179784651719124
0.5864626136212063	0.5726829668522362	0.7575612678218988	0.45187571363975104
0.5874626136212063	0.5732195207752596	0.7566905992485905	0.45196180683439113
0.5884324417685896	0.5728193468106735	0.7576905992485905	0.452044754681261
0.5894324417685896	0.5733863939472608	0.7567587937825093	0.4521308646027293
0.5903445673661227	0.5729803171909301	0.7577587937825093	0.45220885775924885
0.5913445673661227	0.573517879032543	0.7568860266305306	0.4522949489678981
0.5923120069860383	0.5731174249778543	0.7578860266305306	0.4523776881866888
0.5933120069860383	0.5736835061275196	0.7569560776391183	0.4524637948816105
0.5942254995763804	0.5732775344739548	0.7579560776391183	0.4525419018418912
0.5952254995763804	0.57381602465961	0.7570813716681427	0.4526279908081706
0.5961907194315602	0.5734153080532512	0.7580813716681427	0.4527105356981752
0.5971907194315602	0.5739804984532427	0.757153128722385	0.4527966390028885
0.598105450396527	0.5735746188287199	0.758153128722385	0.4528748485336621
0.599105450396527	0.5741139648014946	0.7572766296024526	0.452960935015452
0.6000686032750966	0.5737130015198215	0.7582766296024526	0.45304329851438485
0.6010686032750966	0.5742773698491598	0.7573499553844257	0.4531293982715406
0.6019844545070542	0.5738715702532422	0.7583499553844257	0.4532077000511057
0.6029844545070542	0.5744117057890269	0.7574717960701928	0.45329378381942
0.6039456789532196	0.5740105102263425	0.7584717960701928	0.45337597765119475
0.6049456789532196	0.5745741192344456	0.7575465651157441	0.4534620737093837
0.605862541954204	0.5741683886474297	0.7585465651157441	0.45354045824968253
0.606862541954204	0.5747092532438233	0.757666867072891	0.45362653908763856
0.6078219637847131	0.5743078384701278	0.758666867072891	0.4537085738918322
0.6088219637847131	0.5748707455394534	0.7577429646463514	0.45379466610522934
0.6097397388443726	0.5744650738379699	0.7587429646463514	0.4538731246807199
0.6107397388443726	0.575006612168025	0.7578618389479035	0.4539592023825954
0.6116974724811899	0.5746049900676558	0.7588618389479035	0.4540410878282022
0.6126974724811899	0.5751672477180237	0.7579391600334906	0.45412717605622804
0.6136160679266849	0.5747616255980772	0.7589391600334906	0.4542057006389626
0.6146160679266849	0.5753037870212517	0.7580567083413826	0.4542917750093307
0.6155722175713587	0.574901968415061	0.7590567083413826	0.4543735198949855
0.6165722175713587	0.5754636247563147	0.7581351567379699	0.4544596040019846
0.6174915490829485	0.5750580436631091	0.7591351567379699	0.45453818720235645
0.6184915490829485	0.5756007817867993	0.7582514721831373	0.45462425805529244
0.619446209754111	0.575198776540099	0.7592514721831373	0.45470587039779703
0.620446209754111	0.5757598756789102	0.7583309596907676	0.454791950252733
0.6213661997406836	0.5753543277428608	0.7593309596907676	0.4548705852653971
0.6223661997406836	0.5758976000287531	0.7584461276633209	0.4549566524237499
0.6233194581928073	0.5754954171469099	0.7594461276633209	0.4550381395364531
0.6243194581928073	0.5760559995528055	0.7585265733513028	0.45512421501261996
0.6252400352221028	0.5756504775311924	0.7595265733513028	0.4552028955671366
0.6262400352221028	0.5761942449414063	0.7586406722108695	0.4552889588618595
0.6271919707609053	0.5757918926546878	0.7596406722108695	0.45537032742420686
0.6281919707609053	0.5763519954897525	0.7587220017585413	0.4554563983989567
0.6291130690396252	0.575946492713515	0.7597220017585413	0.45553511871474467
0.6301130690396252	0.5764907193921346	0.7588351034736007	0.4556211779842799
0.6310637542472515	0.5760882052311717	0.7598351034736007	0.45570243410365585
0.6320637542472515	0.5766478626473438	0.7589172485759215	0.45578850045814145
0.6329853131466602	0.5762423729725598	0.7599172485759215	0.4558672552033622
0.6339853131466602	0.576787025958694	0.7590294192998791	0.4559533102930752
0.6349348145278774	0.5763843568217261	0.7600294192998791	0.4560344595598985
0.6359348145278774	0.5769436002291413	0.7591123171309346	0.456120521178831
0.6368567781508765	0.576538117992775	0.7601123171309346	0.45619930543285747
0.6378567781508765	0.5770831669617452	0.7592236177217531	0.45628535619451566
0.6388051567099419	0.5766803491746545	0.7602236177217531	0.45636640373141457
0.6398051567099419	0.5772392074840891	0.7593072104500681	0.45645246050283533
0.6407274734959424	0.5768337274636264	0.7603072104500681	0.4565312697219898
0.6417274734959424	0.5773791444932869	0.7594176969394636	0.45661731601328304
0.6426747852524709	0.5769761838632866	0.7604176969394636	0.45669826651906115
0.6436747852524709	0.5775346837054014	0.7595019312897172	0.4567843183341272
0.6445974076167131	0.5771292010820245	0.7605019312897172	0.4568631483203981
0.6455974076167131	0.5776749604415689	0.759611655307231	0.45694919000449674
0.646543704067747	0.5772718623052948	0.760611655307231	0.45703004779350626
0.647543704067747	0.5778300282290748	0.7596964821635794	0.4571160945462887
0.6484665880720039	0.5774245385540608	0.7606964821635794	0.4571949414187631
0.6494665880720039	0.577970616512969	0.7598054913202276	0.45728097836391085
0.6504119166065387	0.5775673857796241	0.7608054913202276	0.45736174740136726
0.6514119166065387	0.5781252404321443	0.7598908653669765	0.457447788988662
0.6523350216584096	0.5777197395961984	0.7608908653669765	0.45752664915743246
0.6533350216584096	0.5782661142512464	0.7599992036026458	0.45761268123657084
0.6542794259298134	0.5778627554413645	0.7609992036026458	0.4576933651702739
0.6552794259298134	0.5784203197307723	0.7600850829984839	0.4577794014914244
0.6562027145080623	0.578014803936032	0.7610850829984839	0.4578582716337504
0.6572027145080623	0.5785614550545197	0.7601927908967782	0.4579442987241726
0.6581462347691337	0.5781579723348413	0.7611927908967782	0.4580249009130396
0.6591462347691337	0.5787152655782438	0.7602791369791988	0.45811093186977014
0.6600696721727515	0.5783097313127152	0.7612791369791988	0.4581898089082943
0.6610696721727515	0.5788566401902681	0.7603862520530279	0.4582758308913256
0.6620123455775703	0.5784530374051613	0.7613862520530279	0.45835635443109085
0.6630123455775703	0.5790100774629211	0.7604730290699276	0.45844237992735115
0.6639358996964436	0.5786045214771288	0.7614730290699276	0.4585212610101865
0.6649358996964436	0.5791516708086122	0.7605795860207767	0.45860727777088967
0.6658777605726498	0.5787479515084158	0.7615795860207767	0.45868772551728193
0.6668777605726498	0.5793047549061996	0.7606667608865442	0.45877374545910105
0.6678014016779149	0.5788991741918522	0.7616667608865442	0.4588526279416241
0.6688014016779149	0.5794465479540937	0.7607727918400385	0.45893863936852725
0.6697424817726182	0.5790427154207153	0.7617727918400385	0.4590190139581981
0.6707424817726182	0.5795992974604957	0.7608603339137281	0.45910502825354804
0.671666182324944	0.5791936892309857	0.7618603339137281	0.45918390968174594
0.672666182324944	0.5797412725761383	0.7609658686338339	0.459269915666591
0.6736065110270785	0.5793373298462021	0.7619658686338339	0.45935021953603494
0.6746065110270785	0.57989370470729	0.7610537495172743	0.4594362280947031
0.675530245501283	0.5794880663798638	0.7620537495172743	0.4595151061899361
0.676530245501283	0.5800358455383711	0.7611588156012233	0.4596011066274469
0.6774698500428911	0.5796317954241715	0.7621588156012233	0.45968134203012484
0.6784698500428911	0.5801879762552394	0.7612470089551348	0.4597673447635947
0.6793935947674428	0.5797823054346894	0.7622470089551348	0.4598462174086496
0.6803935947674428	0.5803302676269176	0.7613516320109455	0.4599322121963177
0.6813325004060861	0.5799261127354091	0.7623516320109455	0.4600123812181716
0.6823325004060861	0.5804821117383727	0.7614401133873354	0.46009837803951154
0.683256233416166	0.5800764062021139	0.7624401133873354	0.4601772432658314
0.684256233416166	0.5806245395578171	0.7615443171956072	0.46026323230371746
0.6851944636004096	0.5802202823078407	0.7625443171956072	0.4603433368772433
0.6861944636004096	0.5807761108143724	0.7616330638848932	0.4604293277010024
0.6871181645033354	0.5803703684987811	0.7626330638848932	0.46050818367698837
0.6881181645033354	0.5809186619836494	0.7617368705463776	0.46059416686753946
0.6890557410230299	0.5805143046215786	0.7627368705463776	0.46067420878456417
0.6900557410230299	0.5810699731629507	0.7618258614378439	0.46076019352667524
0.6909793908749478	0.5806641921508539	0.7628258614378439	0.4608390385469661
0.6919793908749478	0.5812126354994717	0.7619292915081424	0.4609250157948461
0.6929163339978428	0.5808081801134336	0.7629292915081424	0.4610049967181403
0.6939163339978428	0.581363698484318	0.7620185069624775	0.4610909752958294
0.6948399151906944	0.5809578769935293	0.7630185069624775	0.4611698077714731
0.6958399151906944	0.5815064606481402	0.7621215795750791	0.4612557789834064
0.6967762437867484	0.5811019091809558	0.7631215795750791	0.4613357004572496
0.6977762437867484	0.5816572864977445	0.7622110013078638	0.46142167278895135
0.6986997399446088	0.5812514228705562	0.7632110013078638	0.46150049123839
0.6996997399446088	0.5818001379250891	0.7623137342866152	0.46158645632301654
0.7006354715992104	0.5813954921860603	0.7633137342866152	0.4616663197828178
0.7016354715992104	0.5819507369402137	0.762403345261747	0.4617522857880971
0.7025588674831738	0.5815448296337595	0.763403345261747	0.46183108882889384
0.7035588674831738	0.5820936677826282	0.7625057552237372	0.4619170476966353
0.7044940186003632	0.5816889294582815	0.7635057552237372	0.4619968544777028
0.7054940186003632	0.582244049565165	0.762595539555874	0.4620828140771811
0.7064173000212296	0.5818380971425768	0.763595539555874	0.46216160041842486
0.7074173000212296	0.5823870506338106	0.7626976420056178	0.4622475529813605
0.7083518859178861	0.581982221297702	0.7636976420056178	0.46232730432690206
0.7093518859178861	0.5825372241413211	0.762787584870815	0.46241325744218925
0.7102750396559689	0.582131225263611	0.763787584870815	0.4624920258775179
0.7112750396559689	0.5826802868559195	0.7628893942865342	0.46257797204927026
0.7122090746478351	0.5822753679775876	0.7638893942865342	0.4626576691176991
0.7132090746478351	0.5828302604515976	0.762979481840329	0.4627436156713297
0.7141320883792687	0.5824242138702003	0.763979481840329	0.462822365072518
0.7151320883792687	0.5829733767936145	0.7630810117530515	0.4629083047681464
0.7160655858595868	0.582568369746765	0.7640810117530515	0.4629879486397587
0.7170655858595868	0.5831231582920895	0.7631712310553216	0.4630738885551327
0.7179884480885719	0.5827170628420093	0.7641712310553216	0.4631526178661962
0.7189884480885719	0.5832663207617722	0.7632724941214498	0.4632385510020987
0.7199214206000343	0.5828612268317659	0.7642724941214498	0.4633181426851819
0.7209214206000343	0.5834159174711322	0.7633628330674339	0.4634040758865097
0.7218441205965079	0.5830097720646411	0.7643628330674339	0.46348278411828026
0.7228441205965079	0.5835591190480578	0.7634638411353694	0.46356871061210264
0.7237765798971423	0.5831539394387668	0.7644638411353694	0.4636482510485283
0.7247765798971423	0.5837085378084301	0.7635542883923028	0.4637341774607793
0.7256991076394057	0.5833023414292691	0.7645542883923028	0.46381286368591135
0.7266991076394057	0.5838517719152507	0.7636550525636582	0.4638987834564629
0.7276310647629617	0.5834465077553417	0.7646550525636582	0.463978273526812
0.7286310647629617	0.584001019134251	0.7637455975125219	0.4640641930756667
0.7295534108848399	0.5835947708322919	0.7647455975125219	0.46414285642403824
0.7305534108848399	0.5841442796033526	0.7638461281984047	0.46422876939121366
0.7314848761961857	0.5837389319520498	0.7648461281984047	0.4643082099194773
0.7324848761961857	0.5842933612886805	0.7639367608803337	0.4643941225312835
0.7334070319383312	0.5838870601750087	0.7649367608803337	0.46447276218575656
0.7344070319383312	0.5844366423314986	0.7640370678531353	0.4645586682704637
0.7353380151843129	0.5840312121838752	0.7650370678531353	0.4646380600283587
0.7363380151843129	0.5845855641209334	0.7641277789200799	0.46472396563008955
0.7372599723493004	0.5841792093633142	0.7651277789200799	0.46480258082260134
0.7382599723493004	0.5847288602996938	0.7642278713611664	0.46488847994669424
0.739190482705479	0.5843233485915325	0.7652278713611664	0.4649678236576281
0.740190482705479	0.584877627488718	0.7643186520304321	0.46505372217684426
0.7411122336163692	0.584471218307416	0.7653186520304321	0.46513231218479945
0.7421122336163692	0.5850209336903891	0.764418538574096	0.46521820427101634
0.7430422797300069	0.5846153413026525	0.765418538574096	0.4652975006137335
0.7440422797300069	0.585169551257648	0.764509380586425	0.4653833919785473
0.7449638171920856	0.5847630869215674	0.765509380586425	0.46546195612148705
0.7459638171920856	0.585312862669915	0.7646090693604217	0.4655478410933927
0.7468934072217164	0.5849071904328601	0.7656090693604217	0.4656270907053307
0.7478934072217164	0.585461335300702	0.7646999649413085	0.4657129748443732
0.7488147244871411	0.585054815123822	0.7656999649413085	0.4657915124808972
0.7498147244871411	0.5856046473897867	0.7647994636042761	0.46587739026282965
0.750743866139031	0.585198896086755	0.7657994636042761	0.46595659374321113
0.751743866139031	0.5857529794977241	0.7648904054282385	0.46604247058560117
0.7526649568741391	0.5853464028358036	0.7658904054282385	0.4661209811105212
0.7536649568741391	0.5858962879878911	0.7649897212042688	0.4662068516275425
0.7545936574359122	0.5854904583588031	0.7659897212042688	0.46628600954022653
0.7555936574359122	0.5860444837349638	0.7650807023618188	0.4663718790155425
0.7565145156909675	0.5856378499824937	0.7660807023618188	0.4664503618572484
0.7575145156909675	0.5861877845895699	0.7651798420724244	0.46653622503509845
0.7584427820626453	0.5857818773341503	0.7661798420724244	0.4666153379112123
0.7594427820626453	0.5863358479046522	0.7652708560395105	0.4667011999494655
0.7603634022438196	0.585929156492033	0.7662708560395105	0.46677965456748594
0.7613634022438196	0.5864791373086063	0.765369826133211	0.4668655103325401
0.7622912409665029	0.5860731530893633	0.766369826133211	0.46694457867291067
0.7632912409665029	0.5866270719046125	0.7654608667429178	0.46703043320452087
0.7642116178099053	0.5862203222955398	0.7664608667429178	0.4671088590872621
0.7652116178099053	0.5867703462481257	0.7655596733226491	0.4671947073664918
0.7661390350923022	0.586364285693105	0.7665596733226491	0.46727373164389446
0.7671390350923022	0.5869181556379002	0.7656507347389647	0.46735957859966704
0.7680591636398851	0.5865113473269395	0.7666507347389647	0.4674379752623157
0.7690591636398851	0.5870614115014171	0.7657493835874956	0.4675238159832518
0.7699861653828736	0.5866552752067523	0.7667493835874956	0.4676027966444922
0.7709861653828736	0.5872090990124741	0.7658404602809689	0.4676886359555971
0.7719060409600579	0.5868022315228103	0.7668404602809689	0.4677670029381723
0.7729060409600579	0.5873523331526839	0.7659389568844962	0.4678528360288712
0.7738326327794534	0.5869461216849586	0.7669389568844962	0.46793177349671505
0.7748326327794534	0.5874999019408921	0.7660300436096251	0.46801760509466733
0.7757522509743323	0.5870929748222379	0.7670300436096251	0.46809594196021054
0.7767522509743323	0.5876431112777294	0.7661283931797008	0.4681817673492223
0.7776784382220147	0.5872368251761685	0.7671283931797008	0.46826066202418587
0.7786784382220147	0.5877905643400332	0.7662194849539036	0.46834648584082744
0.7795977948660011	0.5873835771666834	0.7672194849539036	0.46842479217371846
0.7805977948660011	0.5879337459445839	0.7663176924478355	0.4685106097900579
0.7815235826495426	0.587527385723088	0.7673176924478355	0.4685894620520712
0.7825235826495426	0.5880810861308413	0.7664087845318721	0.46867527801955416
0.7834426737993426	0.5876740384998622	0.7674087845318721	0.46875355342394226
0.7844426737993426	0.5882242372140765	0.7665068546717296	0.46883936319706143
0.7853680670002683	0.5878178033631142	0.7675068546717296	0.4689181734070155
0.7863680670002683	0.5883714672380915	0.7665979425514479	0.46900398145778666
0.7872868889210675	0.5879643587676313	0.7675979425514479	0.4690822255561278
0.7882868889210675	0.5885145851403594	0.7666958798417886	0.469168027415891
0.789211892211862	0.5881080781287285	0.7676958798417886	0.46924679591707896
0.790211892211862	0.5886617075901748	0.7667869592110852	0.46933259598386534
0.7911304413616256	0.5882545379178878	0.7677869592110852	0.4694108084155565
0.7921304413616256	0.5888047897713867	0.7668847679555146	0.4694966022922165
0.7930550592215995	0.5883982100478558	0.7678847679555146	0.4695753294116779
0.7940550592215995	0.5889518071189022	0.7669758347004042	0.46966112142747374
0.7949733322363894	0.5885445759004754	0.7679758347004042	0.4697393018475761
0.7959733322363894	0.5890948511493522	0.7670735190170662	0.4698250876717525
0.7968975689664984	0.5886881991441933	0.7680735190170662	0.4699037737215286
0.7978975689664984	0.589241765759325	0.7671645692007651	0.46998955761958283
0.7988155626467238	0.5888344726670985	0.7681645692007651	0.4700677056976262
0.7998155626467238	0.5893847693110886	0.7672621330368582	0.4701534834002849
0.8007394223834389	0.5889780454375106	0.7682621330368582	0.4702321286785938
0.8017394223834389	0.5895315834495717	0.7673531628857932	0.4703179043923991
0.8026571336809575	0.5891242281712462	0.7683531628857933	0.4703960198112607
0.8036571336809575	0.589674544288434	0.7674506100311947	0.4704817893236952
0.804580620409263	0.5892677489439244	0.7684506100311947	0.4705603941160331
0.805580620409263	0.5898212601306986	0.7675416159218583	0.47064616157931516
0.8064980464152647	0.5894138423681207	0.7685416159218583	0.47072424403416707
0.8074980464152647	0.5899641761085652	0.7676389500219373	0.47081000528798067
0.8084211639808663	0.5895573096761494	0.7686389500219373	0.47088856986815575
0.8094211639808663	0.590110795746556	0.7677299284685108	0.47097432901486375
0.8103383019144632	0.5897033152145761	0.7687299284685108	0.4710523782121816
0.8113383019144632	0.5902536647943029	0.7678271530362017	0.4711381311392711
0.812261054035274	0.5898467276437277	0.7688271530362017	0.47121665577037664
0.813261054035274	0.5904001902436659	0.7679181006788809	0.47130240653467453
0.8141779012327431	0.5899926466690611	0.7689181006788809	0.47138042219130366
0.8151779012327431	0.5905430103643897	0.7680152191060837	0.471466166723844
0.8161002915097134	0.5901360028532384	0.7690152191060837	0.47154465165917553
0.8171002915097134	0.5906894435711122	0.7681061327000392	0.47163039397543394
0.8180168454143248	0.5902818366915693	0.7691061327000392	0.4717083758177064
0.8190168454143248	0.5908322128337428	0.7682031482684109	0.4717941118881364
0.8199388773416793	0.5904251353084872	0.7692031482684109	0.4718725573720589
0.8209388773416793	0.5909785556804429	0.7682940246733261	0.4719582911748476
0.8218551354940618	0.5905708852435954	0.7692940246733261	0.47203623893774677
0.8228551354940618	0.5911212722136845	0.7683909405645197	0.47212196647875576
0.8237768124689974	0.5907141250106808	0.7693909405645197	0.4722003727475249
0.8247768124689974	0.5912675265255823	0.7684817767346483	0.472286097971606
0.825692772497987	0.5908597922880959	0.7694817767346483	0.4723640113979729
0.826692772497987	0.5914101885121513	0.768578596040055	0.4724497303424885
0.8276140978298856	0.5910029719585846	0.769578596040055	0.47252809762503106
0.8286140978298856	0.5915563560627545	0.768669389014748	0.47261381420535276
0.8295297574438117	0.591148557789458	0.769669389014748	0.4726916930451312
0.8305297574438117	0.5916989617338831	0.7687661147447914	0.4727774033263073
0.8314507343630164	0.5912916761486658	0.7697661147447914	0.47285573184496427
0.8324507343630164	0.5918450442504151	0.768856861639443	0.47294143971665525
0.8333660913413792	0.5914371817134704	0.769856861639443	0.4730192837261711
0.8343660913413792	0.5919875918805936	0.7689534967324761	0.47310498527737727
0.8352867230075808	0.5915802375752228	0.7699534967324762	0.4731832752486141
0.8362867230075808	0.5921335910491948	0.7690441947298436	0.4732689743469784
0.8372017751930793	0.5917256640273026	0.7700441947298436	0.47334678328824975
0.8382017751930793	0.5922760789511248	0.7691407420606899	0.473432476043061
0.8391220647033545	0.5918686562305021	0.7701407420606899	0.4735107276781483
0.8401220647033545	0.5924219964218495	0.7692313884025445	0.4735964179386604
0.8410368099942266	0.5920140046994867	0.7702313884025445	0.47367419157873536
0.8420368099942266	0.5925644229415844	0.7693278507907271	0.4737598754709223
0.8429567603907702	0.5921569321048034	0.7703278507907271	0.4738380889765905
0.8439567603907702	0.5927102603332198	0.7694184427697928	0.47392377033489147
0.844871196733404	0.5923022036999054	0.7704184427697928	0.47400150844520955
0.845871196733404	0.5928526238454679	0.7695148229874934	0.4740871834087297
0.8467908110109932	0.5924450651865724	0.7705148229874934	0.47416535898780127
0.8477908110109932	0.5929983827501996	0.7696053579396378	0.4742510313796945
0.8487049363927788	0.5925902609997841	0.7706053579396378	0.4743287337354698
0.8497049363927788	0.5931406816537675	0.7697016587194209	0.4744143997044588
0.8506242175060051	0.592733055462486	0.7707016587194209	0.4744925375564603
0.8516242175060051	0.5932863636417127	0.7697921340160584	0.47457820091790853
0.852538029948389	0.5928781765716895	0.7707921340160584	0.4746558672975305
0.853538029948389	0.5934285963550676	0.7698883580583988	0.4747415242062944
0.8544569808186949	0.5930209029175243	0.7708883580583988	0.4748196245280523
0.8554569808186949	0.5935742029786966	0.7699787710990706	0.4749052787951743
0.8563704783704064	0.5931659503895307	0.7709787710990706	0.47498290897962414
0.8573704783704064	0.5937163679356253	0.7700749210797219	0.47506855676263154
0.8582891018929593	0.5933086075350349	0.7710749210797219	0.47514661974885425
0.8592891018929593	0.5938619007340958	0.7701652692848177	0.4752322648579223
0.8602022826233761	0.593453582428567	0.7711652692848177	0.47530985863020164
0.8612022826233761	0.5940039963794417	0.7702613478620512	0.47539549722207686
0.8621205816738108	0.5935961692967883	0.7712613478620512	0.4754735230659252
0.8631205816738108	0.5941494568828609	0.7703516286656417	0.4755591589533628
0.8640334436664366	0.5937410726654194	0.7713516286656417	0.4756367160979329
0.8650334436664366	0.5942914816683194	0.7704476384873943	0.47572234543344877
0.8659514211075008	0.5938835881830243	0.7714476384873943	0.4758003343270986
0.8669514211075008	0.5944368714019581	0.770537849330137	0.47588596092947844
0.8678639624535199	0.5940284210780881	0.771537849330137	0.4759634812317063
0.8688639624535199	0.5945788237819095	0.7706337930410966	0.47604910124577804
0.8697816211416498	0.5941708641724909	0.7716337930410966	0.47612705338097683
0.8707816211416498	0.5947241442703841	0.7707239313631886	0.47621267063501904
0.8716938399335358	0.5943156276459738	0.7717239313631886	0.4762901538806289
0.8726938399335358	0.5948660226977479	0.770819811611851	0.47637576450830776
0.8736111827253955	0.5944579972424741	0.771819811611851	0.4764536800769277
0.8746111827253955	0.5950112754691915	0.7709098748459904	0.47653928791949873
0.8755230770505393	0.5946026923499058	0.7719098748459904	0.47661673389402565
0.8765230770505393	0.5951530783912801	0.7710056942917205	0.4767023350704929
0.877440106809552	0.5947449873688216	0.7720056942917205	0.47678021426508366
0.878440106809552	0.5952982649815204	0.77109567985605	0.47686581263319505
0.879351674743887	0.5948896151721742	0.77209567985605	0.4769432211214388
0.880351674743887	0.5954399908358761	0.7711914411761773	0.47702881278200027
0.881268394346788	0.5950318345259573	0.7721914411761773	0.47710665579634337
0.882268394346788	0.5955851127926394	0.7712813464671743	0.4771922446271509
0.8831796339483768	0.5951763960965682	0.7722813464671743	0.47726961541262736
0.8841796339483768	0.5957267600028346	0.7713770523641561	0.47735519749270766
0.8850960462918189	0.5953185386868899	0.7723770523641561	0.47743300452237514
0.8860960462918189	0.5958718188899951	0.771466874749441	0.4775185837531784
0.8870069555943808	0.5954630351084207	0.772466874749441	0.4775959166175662
0.8880069555943808	0.5960133858613783	0.7715625279581252	0.4776814890527035
0.8889230636016223	0.5956050998232139	0.7725625279581252	0.4777592602956237
0.8899230636016223	0.5961583832632712	0.7716522647691515	0.47784482986386595
0.8908336406079662	0.5957495321946582	0.7726522647691515	0.4779221245864455
0.8918336406079662	0.5962998683786365	0.7717478680641713	0.47800768731228654
0.8927494472356711	0.5958915179051025	0.7727478680641713	0.47808542296931894
0.8937494472356711	0.5964448059044557	0.7718375165887671	0.4781709828125869
0.8946596899110077	0.596035887343858	0.7728375165887671	0.47824823916967013
0.8956596899110078	0.5965862075196198	0.7719330727921022	0.47833379212196464
0.8965751981561892	0.596177792901295	0.7729330727921022	0.4784114923974871
0.8975751981561892	0.5967310868079182	0.7720226302668294	0.47849704245351155
0.8984851044212938	0.5963221005463116	0.7730226302668294	0.47857426021785876
0.8994851044212938	0.5968724032471832	0.7721181422555669	0.478659803332455
0.900400317328435	0.5964639247790747	0.7731181422555669	0.47873746843496556
0.901400317328435	0.5970172259704982	0.7722076058578606	0.47882300864162164
0.9023098850526251	0.5966081717940955	0.7732076058578606	0.4789001875818439
0.9033098850526251	0.5971584555219788	0.7723030765721937	0.4789857207946834
0.9042248057210086	0.5967499135042422	0.7733030765721937	0.47906335093742
0.9052248057210086	0.5973032233916044	0.7723924434122478	0.47914888123272814
0.90613403271491	0.5968941010811509	0.7733924434122478	0.4792260211126713
0.90713403271491	0.5974443643023983	0.7724878758637469	0.4793115443597841
0.9080486643061912	0.5970357590410791	0.7734878758637469	0.4793891397613644
0.9090486643061912	0.5975890790733237	0.7725771429761065	0.47947466008349143
0.9099575483142558	0.5971798884033694	0.7735771429761065	0.4795517606616003
0.9109575483142558	0.5977301295445032	0.772672540256303	0.4796372738791001
0.9118718940603154	0.5973214613523047	0.773672540256303	0.4797148347641851
0.9128718940603154	0.5978747930205444	0.7727617045911256	0.47980034505144564
0.913780432753058	0.5974655337586898	0.7737617045911256	0.4798774060801045
0.914780432753058	0.5980157512019448	0.772857069880449	0.4799629092041836
0.9156944959641723	0.5976070203990256	0.773857069880449	0.48004043580416794
0.9166944959641723	0.5981603652410911	0.7729461282943911	0.4801259359950259
0.9176026869300888	0.597751037147203	0.7739461282943911	0.48020295721987205
0.9186026869300888	0.598301229225872	0.7730414648715018	0.4802884501867967
0.9195164710034569	0.5978924361406771	0.7740414648715018	0.4803659427405288
0.9205164710034569	0.5984457957458751	0.7731304141181891	0.48045143277359936
0.9214243117405875	0.5980363985712682	0.7741304141181891	0.4805284139328078
0.9224243117405875	0.5985865635648266	0.7732257253697522	0.4806138966789131
0.9233378201692566	0.5981777085349558	0.7742257253697522	0.480691355433449
0.9243378201692566	0.5987310845490579	0.7733145620897834	0.48077683524750087
0.9252453080763513	0.5983216180356392	0.7743145620897834	0.4808537760710349
0.9262453080763513	0.5988717541646255	0.773409851520733	0.4809392485327195
0.9271585444585871	0.5984628375377434	0.774409851520733	0.4810166737441143
0.9281585444585871	0.5990162316682311	0.7734985722311729	0.48110214327807216
0.9290656768258345	0.5986066955476032	0.7744985722311729	0.4811790434868981
0.9300656768258345	0.5991568009682291	0.7735938434755157	0.48126450560061945
0.9309786448749817	0.5987478231030225	0.7745938434755157	0.4813418975347595
0.9319786448749817	0.5993012371246156	0.773682444558819	0.4814273567277069
0.9328854188742516	0.5988916311171324	0.774682444558819	0.48150421603296756
0.9338854188742516	0.5994417039155973	0.773777701391034	0.48158966773523626
0.9347981224291345	0.5990326651827828	0.774777701391034	0.4816670266687174
0.9357981224291345	0.5995861009432759	0.7738661790833493	0.4817524754598999
0.9367045351036898	0.5991764247570497	0.7748661790833493	0.48182929356204374
0.9377045351036898	0.5997264629435272	0.7739614254304396	0.4819147347894181
0.9386169781396102	0.5993173637269157	0.7749614254304396	0.4819920610104739
0.9396169781396102	0.5998708231533579	0.7740497758092298	0.4820774993393024
0.9405230263932343	0.5994610764832095	0.7750497758092298	0.48215427592716364
0.9415230263932343	0.6000110779854777	0.7741450157634927	0.4822397066162441
0.9424352130336229	0.5996019186831013	0.7751450157634927	0.48231700042572917
0.9434352130336229	0.6001554037883472	0.7742332347344069	0.4824024282317839
0.9443408936191081	0.5997455863146951	0.7752332347344069	0.48247916298160914
0.9453408936191081	0.6002955489713755	0.7743284725669861	0.48256458306903216
0.9462528281478918	0.5998863299966825	0.7753284725669861	0.48264184478146555
0.9472528281478918	0.6004398428863509	0.7744165558499159	0.48272726200450033
0.9481581376548299	0.6000299542740349	0.7754165558499159	0.4828039545789162
0.9491581376548299	0.6005798758274036	0.7745117960252099	0.4828893640013482
0.9500698245295836	0.6001705976105272	0.7755117960252099	0.48296659394602304
0.9510698245295836	0.6007241404904048	0.7745997391394527	0.4830520005259698
0.951974759371394	0.6003141803874364	0.7755997391394527	0.4831286505728868
0.952974759371394	0.6008640584757698	0.7746949863304577	0.48321404926701766
0.953886203237348	0.6004547214648799	0.7756949863304577	0.483291247789183
0.954886203237348	0.6010082966488104	0.7747827845789095	0.483376643666157
0.9557907596374781	0.6005982646850441	0.7757827845789095	0.4834532508176039
0.9567907596374781	0.6011480968344567	0.7748780436835797	0.4835386387201401
0.9577019653424617	0.6007387014971992	0.7758780436835797	0.48361580618226097
0.9587019653424617	0.6012923114155005	0.7749656921358654	0.4837011912965662
0.9596061393196812	0.600882207201219	0.7759656921358654	0.483777755167448
0.9606061393196812	0.6014319908169465	0.7750609682945838	0.48386313221510535
0.9615171119300865	0.6010225376419815	0.7760609682945838	0.4839402689982093
0.9625171119300865	0.6015761848504392	0.7751484617690357	0.48402564329034453
0.963420899282802	0.6011660079748449	0.7761484617690357	0.4841021634771184
0.964420899282802	0.6017157403319255	0.7752437603832919	0.4841875296066145
0.9653316441006607	0.60130622983057	0.7762437603832919	0.48426463611173154
0.9663316441006607	0.6018599170200575	0.77533109342767	0.4843499995223969
0.9672350403901592	0.6014496670496622	0.77633109342767	0.4844264756016578
0.9682350403901592	0.6019993452829611	0.7754264201800547	0.48451183074970405
0.9691455629714342	0.6015897779909485	0.7764264201800547	0.4845889073994087
0.9701455629714342	0.6021435079977296	0.7755135870509001	0.4846742598695127
0.9710485635039665	0.6017331844746333	0.7765135870509001	0.4847506913964817
0.9720485635039665	0.6022828055681521	0.7756089479265302	0.48483603549977444
0.9729588696781658	0.6018731820475178	0.7766089479265302	0.4849130827398394
0.9739588696781658	0.6024269578642921	0.7756959425670299	0.48499842421050676
0.9748614694857691	0.6020165603043417	0.7766959425670299	0.48507481071741326
0.9758614694857691	0.6025661210797516	0.7757913438765323	0.48516014371262495
0.9767715653770025	0.602156441920856	0.7767913438765323	0.48523716201379585
0.9777715653770025	0.6027102667086105	0.7758781598927665	0.4853224924263757
0.9786737591969537	0.6022997945994276	0.7768781598927665	0.48539883342072443
0.9796737591969537	0.6028492917037573	0.7759736082969543	0.4854841552444936
0.980583651246561	0.6024395575274586	0.7769736082969543	0.4855611451043962
0.981583651246561	0.602993434628199	0.7760602389323819	0.4856464644004714
0.9824854334993404	0.6025828874270661	0.7770602389323819	0.4857227593631845
0.9834854334993404	0.6031323173194681	0.7761557414687773	0.48580806995210557
0.9843951284902344	0.6027225287794586	0.7771557414687773	0.485885031897297
0.9853951284902344	0.6032764617298964	0.7762421795768055	0.48597034001869366
0.9862964932558774	0.6028658388614893	0.7772421795768055	0.486046588402117
0.9872964932558774	0.6034151977990061	0.7763377436881681	0.48613188769272886
0.9882059983387552	0.6030053555843273	0.7773377436881681	0.4862088222809064
0.9892059983387552	0.603559348130606	0.7764239817026379	0.4862941191697048
0.9901069393314497	0.6031486489845583	0.7774239817026379	0.48637032039546685
0.9911069393314497	0.6036979330067987	0.7765196152676762	0.48645560832424095
0.9920162620530409	0.6032880378445501	0.7775196152676762	0.48653251614662174
0.9930162620530409	0.6038420939581041	0.7766056451710805	0.48661780174516767
0.9939167725938218	0.6034313178863917	0.7776056451710806	0.4866939552018787
0.9949167725938218	0.6039805227990209	0.7767013565375408	0.4867792317052063
0.9958259209273612	0.6035705754572808	0.7777013565375408	0.48685611338909457
0.9968259209273612	0.6041246993519253	0.7767871698267718	0.486941387640012
0.9977259939147382	0.6037138456660525	0.7777871698267718	0.48701749268078903
0.9987259939147382	0.604262967022991	0.776882967847116	0.48710275769496714
0.9996349762928636	0.6038529683139696	0.777882967847116	0.487179613906525
1.0006349762928637	0.6044071644643311	0.7769685554965273	0.4872648767527294
