time	X	Y	Z
0.0	0.5	0.5	0.5
0.001	0.4389755966755095	0.6274470413524983	0.49831469890015656
0.002	0.4300436264298152	0.6504658711990743	0.49667209045185745
0.003	0.4301546343266036	0.6552980905748951	0.49505791996858206
0.004	0.4316843709386941	0.6572071760934158	0.49347272128454156
0.005	0.43341267406374073	0.6586367054872039	0.49191626598844984
0.006	0.4351481970620169	0.6599709794818419	0.490388134703793
0.007	0.4368613885564819	0.6612704375631073	0.4888878826923582
0.008	0.43854799498048885	0.662544875569575	0.48741506321778333
0.009000000000000001	0.4402076940698401	0.6637961902432908	0.4859692393033959
0.01	0.44184077789183646	0.665025039808282	0.484549976881587
0.011	0.4434476315867892	0.6662318865834793	0.4831568451459251
0.012	0.44502864718158874	0.6674171362058997	0.4817894282014066
0.013000000000000001	0.446584177132348	0.6685812339241646	0.4804473239236666
0.014	0.4481146571029158	0.6697245480369101	0.4791300987966594
0.015	0.4496204626308127	0.6708474704806828	0.477837353044977
0.016	0.4511019466436699	0.6719504075559368	0.4765686976353151
0.017	0.45255948634220966	0.6730337486591491	0.4753237323951922
0.018000000000000002	0.4539934691348784	0.6740978228048783	0.47410207106115565
0.019	0.4554042540692631	0.6751430081001837	0.4729033300036431
0.02	0.45679219716718905	0.6761696797686605	0.4717271286660646
0.021	0.45815765487479326	0.6771781688784269	0.47057310159089505
0.022	0.4595009680493597	0.6781688031541357	0.4694408953609661
0.023	0.4608224983404104	0.6791419618812443	0.4683301239109372
0.024	0.4621225901384963	0.6800979578786659	0.46724043647379065
0.025	0.46340160155492055	0.6810370722490909	0.46617148372891404
0.026000000000000002	0.46465984537101707	0.6819596755297338	0.46512291677484324
0.027	0.46589765338898287	0.6828660532603493	0.46409440309361416
0.028	0.46711536114853064	0.6837565203319645	0.46308559723709336
0.029	0.4683132852677661	0.6846313807808614	0.46209617078341325
0.03	0.46949175147576233	0.6854909141030459	0.46112579748204524
0.031	0.470651076598456	0.6863354040458243	0.46017415580355253
0.032	0.4717915614062716	0.687165153324134	0.45924092879944445
0.033	0.4729135106843441	0.687980420283889	0.45832581221735585
0.034	0.47401723367636195	0.6887814877284135	0.4574284900824602
0.035	0.47510303967648637	0.6895686351492981	0.4565486475119779
0.036000000000000004	0.47617118024464833	0.6903420754222457	0.4556860334419511
0.037	0.4772219966280352	0.6911021049221677	0.4548403046045072
0.038	0.47825575032666345	0.6918489700051781	0.45401119117937233
0.039	0.479272717998555	0.6925829045041757	0.45319841707887965
0.04	0.48027318319244694	0.6933041531738375	0.452401697530412
0.041	0.48125742081757816	0.6940129667659127	0.4516207516999371
0.042	0.48222569190060366	0.6947095853136257	0.4508553122309995
0.043000000000000003	0.4831782744855142	0.6953942136795708	0.4501051121352512
0.044	0.48411542964026333	0.6960670816801805	0.4493698875684838
0.045	0.48503740463639117	0.696728403849046	0.4486493897110588
0.046	0.48594446449203726	0.6973784098386615	0.44794335197024343
0.047	0.48683685132627685	0.698017318903656	0.4472515274541141
0.048	0.4877148332423548	0.698645294359426	0.44657367063357956
0.049	0.48857863081044783	0.6992625864301693	0.4459095388517279
0.05	0.48942849580914943	0.6998693805375654	0.44525889025381155
0.051000000000000004	0.490264662154253	0.7004658710314469	0.4446214923827937
0.052000000000000005	0.49108734541355703	0.7010522372937454	0.4439971309048129
0.053	0.4918967913867307	0.7016286848569412	0.44338556106614124
0.054	0.49269321843875774	0.7021954061162307	0.44278656197723004
0.055	0.4934768466194146	0.7027525801535739	0.4421999162215085
0.056	0.4942479080517425	0.7033003575770465	0.4416254078824704
0.057	0.49500661139719937	0.7038389249572519	0.4410628248935022
0.058	0.4957531674913181	0.7043684605764629	0.4405119565649725
0.059000000000000004	0.4964877795105503	0.7048891420106992	0.43997259781821363
0.06	0.4972106542097517	0.705401129101236	0.43944454727376747
0.061	0.4979219961382112	0.7059045835950052	0.4389276044305901
0.062	0.4986220068326683	0.7063996573185058	0.4384215743696859
0.063	0.499310879694921	0.706886507260305	0.4379262660661828
0.064	0.4999888086108929	0.7073652887645138	0.43744148873192346
0.065	0.5006559808072336	0.7078361556611689	0.4369670567757681
0.066	0.5013125802550638	0.7082992488435618	0.43650279141959486
0.067	0.5019587941112563	0.7087547203295136	0.4360485077559538
0.068	0.5025948029420074	0.7092027155449525	0.43560402780540747
0.069	0.5032207875374232	0.7096433660828829	0.43516917828157536
0.07	0.5038369194401842	0.7100768117923056	0.43474378948276354
0.07100000000000001	0.5044433681639533	0.7105031860285436	0.43432769540637345
0.07200000000000001	0.505040307934927	0.7109226208485266	0.4339207272108997
0.073	0.5056279005760033	0.7113352435053126	0.4335227264227396
0.074	0.5062063080541437	0.7117411795069928	0.4331335350834469
0.075	0.5067756949266812	0.7121405563253953	0.4327529927404351
0.076	0.507336216836484	0.712533493987589	0.43238094779034975
0.077	0.5078880289800548	0.7129201120141428	0.4320172491256809
0.078	0.5084312860979113	0.7133005294705067	0.4316617461256466
0.079	0.5089661379530009	0.7136748611295218	0.43131429315821085
0.08	0.5094927326873917	0.7140432203392222	0.43097474623217435
0.081	0.510011216386194	0.7144057187027106	0.4306429634162241
0.082	0.5105217320411031	0.7147624650481831	0.43031880591644883
0.083	0.5110244203635719	0.7151135662370155	0.43000213723095426
0.084	0.5115194201347196	0.7154591278802672	0.42969282265714887
0.085	0.5120068672889844	0.7157992528235363	0.4293907304557626
0.08600000000000001	0.5124868952865544	0.7161340417627609	0.4290957313777541
0.08700000000000001	0.5129596357098151	0.716463594011006	0.42880769798056717
0.088	0.5134252184857093	0.7167880077361306	0.42852650438945994
0.089	0.5138837699837624	0.7171073776577787	0.42825202842997273
0.09	0.5143354146788717	0.7174217970607694	0.427984149763632
0.091	0.5147802766883376	0.7177313594418541	0.4277227482367589
0.092	0.5152184759770551	0.7180361543246369	0.42746770799728334
0.093	0.5156501307871167	0.7183362699390468	0.4272189148589788
0.094	0.5160753580116264	0.7186317935148859	0.4269762559369007
0.095	0.5164942730664361	0.7189228111506241	0.4267396197829961
0.096	0.5169069877523687	0.7192094057708132	0.4265088985965435
0.097	0.5173136125968429	0.7194916593663314	0.4262839858018657
0.098	0.5177142579415784	0.7197696540763324	0.42606477490783556
0.099	0.5181090297636911	0.720043468096091	0.42585116386563776
0.1	0.5184980330043886	0.7203131789350262	0.4256430515981877
0.101	0.5188813707584125	0.7205788626222652	0.425440338845642
0.10200000000000001	0.5192591444851841	0.7208405939632289	0.42524292792729235
0.10300000000000001	0.519631454259431	0.7210984468473831	0.4250507224577879
0.10400000000000001	0.5199983979254341	0.7213524931351007	0.4248636283316566
0.105	0.5203600719588806	0.7216028037575523	0.42468155273245645
0.106	0.5207165712958476	0.7218494484780169	0.4245044043367563
0.107	0.5210679885622851	0.7220924948665677	0.42433209421082735
0.108	0.5214144148062236	0.7223320092398784	0.42416453497042134
0.109	0.5217559405400465	0.7225680580064983	0.4240016395821655
0.11	0.5220926543715618	0.7228007058589977	0.42384332295191995
0.111	0.5224246435037971	0.7230300164098438	0.4236895013531905
0.112	0.5227519919474926	0.723256050601175	0.4235400942329708
0.113	0.5230747836078626	0.723478869452319	0.4233950210926318
0.114	0.5233931012135307	0.7236985331071459	0.42325420256987306
0.115	0.5237070257115387	0.7239151002961978	0.42311756104975246
0.116	0.5240166366564704	0.7241286286835021	0.42298502027126583
0.117	0.5243220112401391	0.7243391741513695	0.4228565062551929
0.11800000000000001	0.5246232264350309	0.7245467923947781	0.4227319452491252
0.11900000000000001	0.5249203574262533	0.7247515377628057	0.42261126522791564
0.12	0.525213478038143	0.7249534635795712	0.42249439548334805
0.121	0.5255026608266504	0.7251526221811928	0.4223812665463347
0.122	0.5257879773146663	0.7253490649841192	0.42227180999775893
0.123	0.52606949734871	0.7255428423546204	0.42216595896585474
0.124	0.526347289679639	0.7257340037552832	0.42206364766717797
0.125	0.5266214218338199	0.7259225977309325	0.42196481150198684
0.126	0.5268919602690069	0.7261086719382651	0.42186938693435905
0.127	0.5271589703009555	0.7262922731594035	0.42177731153901105
0.128	0.5274225158664938	0.7264734473039778	0.4216885241670326
0.129	0.5276826598963378	0.7266522394539763	0.4216029646682646
0.13	0.5279394642233579	0.7268286938760113	0.4215205739514595
0.131	0.5281929896064657	0.7270028540416954	0.4214412939603717
0.132	0.5284432957545013	0.7271747626480177	0.4213650676498475
0.133	0.5286904406510927	0.7273444608266162	0.42129183973396106
0.134	0.5289344821080875	0.7275119899389298	0.4212215549727906
0.135	0.5291754767402341	0.7276773903791505	0.42115415930730943
0.136	0.5294134801171199	0.7278407017431782	0.4210895996940506
0.137	0.5296485468517509	0.7280019629240638	0.42102782400974637
0.138	0.5298807306228206	0.7281612121305054	0.42096878102920654
0.139	0.5301100837848176	0.7283184865244243	0.42091242082479047
0.14	0.530336657156681	0.7284738220235547	0.42085869498324563
0.14100000000000001	0.5305605021157244	0.7286272552345833	0.4208075544645137
0.14200000000000002	0.5307816685062768	0.728778821518214	0.4207589517416131
0.14300000000000002	0.5310002053008388	0.7289285555981309	0.4207128401250071
0.14400000000000002	0.5312161606191882	0.7290764915765733	0.42066917374371604
0.145	0.5314295817474882	0.7292226629499114	0.42062790752642926
0.146	0.5316405142492613	0.7293671018420784	0.42058899809214845
0.147	0.5318490037131001	0.7295098405089344	0.4205524020000328
0.148	0.532055095022417	0.7296509107084451	0.4205180764810229
0.149	0.532258832040724	0.7297903434287442	0.4204859797532944
0.15	0.5324602578522615	0.7299281690944973	0.4204560707815064
0.151	0.5326594147785119	0.7300644175802457	0.42042830926051084
0.152	0.5328563442984382	0.730199118124744	0.42040265570125457
0.153	0.5330510866952453	0.7303322989640764	0.4203790718069667
0.154	0.5332436823026006	0.7304639886095414	0.42035751915158004
0.155	0.5334341704211796	0.7305942147298656	0.42033796033101517
0.156	0.5336225896506195	0.7307230044889211	0.4203203586120624
0.157	0.5338089779046716	0.7308503845576679	0.4203046779175357
0.158	0.5339933724263545	0.7309763811260968	0.42029088281142646
0.159	0.5341758095084138	0.731101019622154	0.4202789387937546
0.16	0.5343563249482121	0.7312243251609215	0.42026881182359604
0.161	0.5345349541071663	0.7313463226005937	0.42026046825769603
0.162	0.5347117315834872	0.7314670362139515	0.4202538751954719
0.163	0.5348866913635026	0.7315864898357021	0.42024900032106216
0.164	0.5350598668357369	0.7317047068733541	0.4202458118896092
0.165	0.5352312907719131	0.7318217102893259	0.4202442787468454
0.166	0.5354009944486618	0.7319375218357232	0.42024437121389246
0.167	0.5355690100030673	0.7320521641015949	0.4202460587159492
0.168	0.5357353684388999	0.7321656587775774	0.42024931179025016
0.169	0.5359001002148011	0.7322780271660726	0.4202541014942865
0.17	0.5360632352573729	0.7323892901912606	0.42026039939308596
0.171	0.5362248029742652	0.7324994684091138	0.42026817754649287
0.17200000000000001	0.536384832267265	0.7326085820174092	0.4202774084964475
0.17300000000000001	0.5365433513847736	0.7327166507458401	0.42028806540902947
0.17400000000000002	0.5367003867860916	0.7328236930083996	0.4203001231687192
0.17500000000000002	0.5368559666466474	0.7329297285204217	0.42031355500066814
0.176	0.5370101177466678	0.7330347759760873	0.42032833546865267
0.177	0.5371628663959191	0.7331388537390234	0.42034443958388984
0.178	0.5373142384451224	0.7332419798510683	0.42036184279392835
0.179	0.5374642592973705	0.7333441720410367	0.42038052097153955
0.18	0.5376129539195447	0.733445447733485	0.42040045040360846
0.181	0.5377603465985663	0.7335458237561118	0.42042160806495515
0.182	0.537906460218521	0.7336453154812766	0.42044397242718196
0.183	0.5380513191213947	0.7337439401999929	0.4204675202658425
0.184	0.5381949464244933	0.7338417139489108	0.42049222965761107
0.185	0.5383373648374342	0.7339386524705196	0.42051807906961985
0.186	0.5384785966719795	0.7340347712200419	0.4205450473501172
0.187	0.53861866385187	0.7341300853723305	0.42057311371912603
0.188	0.538757587922658	0.7342246098287629	0.42060225775910265
0.189	0.5388953896522436	0.7343183592578785	0.4206324596813528
0.19	0.539032088627099	0.7344113481363685	0.42066370059535213
0.191	0.5391677059416614	0.7345035905350843	0.42069596069409493
0.192	0.5393022614773806	0.7345951003510433	0.4207292210845757
0.193	0.5394357747542861	0.7346858912449372	0.42076346321134295
0.194	0.5395682649390322	0.7347759766481754	0.42079866884836237
0.195	0.5396997508529439	0.734865369769927	0.42083482009088
0.196	0.5398302509800613	0.7349540836041645	0.42087189934728575
0.197	0.5399597836055768	0.7350421298475972	0.4209098896219269
0.198	0.5400883668191113	0.7351295189465451	0.42094877449633045
0.199	0.540216018006989	0.7352162644120147	0.4209885369701966
0.2	0.5403427544460101	0.7353023779343888	0.42102916076023056
0.201	0.5404685931238461	0.7353878709578296	0.42107062987329275
0.202	0.5405935507475217	0.7354727546836815	0.4211129285992348
0.203	0.5407176437518953	0.7355570400738728	0.4211560415037358
0.20400000000000001	0.5408408883081408	0.7356407378543188	0.4211999534211373
0.20500000000000002	0.5409632991671707	0.7357238602313471	0.42124464966482744
0.20600000000000002	0.5410848902002026	0.7358064201127573	0.4212901159207215
0.20700000000000002	0.5412056773583872	0.7358884267720514	0.42133633768904005
0.20800000000000002	0.5413256751182084	0.7359698910907558	0.4213833009424671
0.209	0.5414448976213335	0.7360508238983331	0.4214309919077294
0.21	0.5415633586755553	0.7361312359866687	0.42147939705983956
0.211	0.5416810719830646	0.7362111376272531	0.42152850313118406
0.212	0.5417980535435181	0.736290533330805	0.4215782972626183
0.213	0.5419143157914339	0.7363694346887868	0.4216287666148385
0.214	0.542029872260763	0.7364478501857881	0.4216798986671463
0.215	0.542144736367252	0.7365257878797647	0.42173168113212256
0.216	0.5422589213741761	0.7366032554963345	0.4217841019465454
0.217	0.5423724401735813	0.7366802609364019	0.42183714924667676
0.218	0.5424853059764392	0.7367568107475019	0.4218908114205558
0.219	0.5425975317743421	0.7368329113473173	0.4219450770562126
0.22	0.5427091305063743	0.7369085686673584	0.42199993494962684
0.221	0.542820113984896	0.736983790319375	0.422055374099131
0.222	0.5429304820686027	0.7370586073043126	0.42211138369337536
0.223	0.5430402486888714	0.7371330218499385	0.42216795313237954
0.224	0.5431494304993887	0.7372070301610767	0.4222250720177136
0.225	0.5432580385012119	0.7372806392171132	0.422282730141368
0.226	0.543366082751783	0.7373538573577676	0.4223409174812847
0.227	0.5434735712847363	0.7374266964427177	0.42239962420234184
0.228	0.5435805159161318	0.737499160246876	0.42245884064974987
0.229	0.5436869257752155	0.7375712574037271	0.4225185573516663
0.23	0.5437928119944757	0.737642992048014	0.4225787650080418
0.231	0.5438981841024874	0.7377143710341632	0.4226394544915854
0.232	0.5440030515600704	0.7377854008661829	0.4227006168459578
0.233	0.5441074233445535	0.7378560885591345	0.4227622432754993
0.234	0.5442113086556857	0.7379264402287821	0.42282432514424173
0.23500000000000001	0.5443147164861784	0.7379964619509927	0.42288685397602405
0.23600000000000002	0.5444176549835762	0.7380661609808045	0.4229498214750298
0.23700000000000002	0.5445201330029987	0.7381355427994832	0.42301321947110776
0.23800000000000002	0.544622159503368	0.738204612259521	0.4230770399421705
0.23900000000000002	0.5447237424203042	0.7382733757057828	0.4231412750617402
0.24	0.5448248899815794	0.7383418386156297	0.4232059171027561
0.241	0.5449256103166809	0.7384100062812179	0.42327095847250185
0.242	0.5450259112960891	0.7384778839432145	0.4233363917787324
0.243	0.5451258005954488	0.7385454769884596	0.4234022097149813
0.244	0.5452252856921312	0.7386127908472973	0.423468405099088
0.245	0.545324374024917	0.7386798304789264	0.42353497094177023
0.246	0.5454230728816103	0.7387466009125233	0.4236019003354403
0.247	0.5455213894248405	0.7388131070949336	0.4236691864896061
0.248	0.5456193306077816	0.7388793538787687	0.42373682279439595
0.249	0.545716903536969	0.7389453459156748	0.4238048026026486
0.25	0.5458141150732388	0.7390110878141115	0.4238731194553885
0.251	0.5459109716390925	0.7390765842221317	0.4239417671883394
0.252	0.5460074796940648	0.7391418396231021	0.4240107396690793
0.253	0.5461036455563034	0.7392068584123745	0.42408003089569474
0.254	0.5461994754025687	0.7392716448972879	0.42414963499678066
0.255	0.5462949752682337	0.7393362032971665	0.4242195462314403
0.256	0.5463901521797182	0.7394005377054049	0.42428975820530584
0.257	0.546485011597951	0.7394646521750659	0.4243602656404192
0.258	0.5465795591558997	0.7395285506607038	0.424431063172347
0.259	0.5466738004974069	0.7395922370237613	0.424502145461754
0.26	0.5467677411389837	0.7396557150371966	0.4245735072900823
0.261	0.5468613864698102	0.7397189883854836	0.42464514355955146
0.262	0.5469547419613848	0.7397820608082252	0.4247170490950387
0.263	0.5470478138570277	0.7398449365724775	0.4247892179924963
0.264	0.5471406066223902	0.7399076187262988	0.4248616460282287
0.265	0.5472331253071531	0.7399701107165589	0.42493432842707923
0.266	0.5473253748481786	0.7400324159115845	0.4250072605209545
0.267	0.5474173600695101	0.7400945376011592	0.42508043774882404
0.268	0.5475090856823727	0.7401564789965233	0.4251538556567206
0.269	0.5476005568818283	0.7402182436974841	0.42522750931335185
0.27	0.5476917786374705	0.7402798351371139	0.42530139400482303
0.271	0.5477827550322119	0.7403412560641015	0.425375505882252
0.272	0.5478734904922641	0.7404025095056779	0.4254498407570805
0.273	0.5479639893448484	0.7404635984213568	0.4255243945342696
0.274	0.5480542558181948	0.7405245257029339	0.42559916321230024
0.275	0.5481442940415427	0.7405852941744877	0.42567414288317257
0.276	0.5482341088742482	0.7406459071412358	0.4257493289555871
0.277	0.5483237043390735	0.7407063673523964	0.4258247176228491
0.278	0.5484130840546294	0.7407666772874577	0.4259003054576994
0.279	0.5485022519220546	0.7408268396107508	0.42597608876894
0.28	0.5485912117486547	0.7408868569223029	0.4260520639540601
0.281	0.548679967249726	0.7409467317590461	0.42612822749752693
0.28200000000000003	0.5487685221731187	0.7410064666793243	0.4262045758533567
0.28300000000000003	0.5488568808843354	0.7410660646599593	0.426281104893483
0.28400000000000003	0.5489450464029961	0.7411255277636049	0.4263578117590246
0.28500000000000003	0.5490330222181876	0.7411848583707603	0.4264346931487518
0.28600000000000003	0.549120811751566	0.741244058815358	0.4265117458252935
0.28700000000000003	0.549208418360003	0.741303131386529	0.4265889666126531
0.28800000000000003	0.5492958453382317	0.7413620783303678	0.4266663523937249
0.289	0.5493830959214926	0.7414209018516977	0.4267439001078099
0.29	0.5494701732881794	0.7414796041158366	0.42682160674813213
0.291	0.5495570806182247	0.7415381873169519	0.42689946929666717
0.292	0.5496438209720639	0.7415966535320676	0.42697748486075693
0.293	0.5497303973722573	0.7416550048171796	0.4270556505818055
0.294	0.5498168128056896	0.7417132432084875	0.427133963633297
0.295	0.5499030702167549	0.7417713707128575	0.4272124212289522
0.296	0.5499891725100605	0.7418293893096564	0.42729102062017965
0.297	0.5500751225531303	0.7418873009525863	0.42736975909352665
0.298	0.550160923179109	0.7419451075715188	0.42744863396813026
0.299	0.5502465767416412	0.7420028107730912	0.42752764301443286
0.3	0.550332085645937	0.7420604121979539	0.4276067839546081
0.301	0.5504174528813137	0.7421179138790119	0.42768605396159787
0.302	0.5505026810392486	0.7421753175809127	0.4277654505828159
0.303	0.5505877726743251	0.7422326250428604	0.42784497140060346
0.304	0.5506727303060999	0.7422898379798863	0.4279246140304676
0.305	0.5507575564209682	0.7423469580841212	0.42800437611932035
0.306	0.5508422534740315	0.742403987026065	0.42808425534371697
0.307	0.5509268237414673	0.7424609263598264	0.42816424954713317
0.308	0.5510112687253833	0.7425177771408852	0.4282443572934549
0.309	0.5510955912660035	0.7425745412829872	0.42832457590251666
0.31	0.5511797935750569	0.742631220294908	0.42840490327912084
0.311	0.5512638778252081	0.7426878156591631	0.42848533736481226
0.312	0.551347846151016	0.7427443288326948	0.4285658761369624
0.313	0.5514317006498903	0.7428007612475602	0.42864651760785283
0.314	0.5515154433830509	0.7428571143116185	0.4287272598237592
0.315	0.5515990763764842	0.7429133894092184	0.4288081008640351
0.316	0.5516826013327001	0.7429695876306753	0.4288890391392108
0.317	0.551766020281327	0.7430257103821819	0.4289700727183956
0.318	0.5518493351504719	0.7430817589836227	0.42905119977253725
0.319	0.5519325477868385	0.7431377346872312	0.4291324185536945
0.32	0.5520156600009606	0.7431936387197974	0.4292137273483437
0.321	0.5520986735678649	0.7432494722830792	0.4292951244767666
0.322	0.5521815902277366	0.7433052365542152	0.42937660829243784
0.323	0.5522644116865818	0.7433609326861361	0.4294581771814123
0.324	0.5523471396336677	0.7434165618905981	0.429539829520841
0.325	0.5524297757211402	0.7434721253349373	0.4296215637296366
0.326	0.5525123215479775	0.7435276240601804	0.429703378308575
0.327	0.5525947786948769	0.7435830591500098	0.4297852717563011
0.328	0.5526771487122593	0.7436384316688252	0.42986724259956033
0.329	0.552759433120963	0.743693742662304	0.429949289392513
0.33	0.552841633412939	0.743748993157964	0.4300314107160471
0.331	0.5529237510519447	0.7438041841657231	0.4301136051770927
0.332	0.5530057875029687	0.7438593166369739	0.4301958714022992
0.333	0.5530877443133573	0.7439143913489921	0.4302782080215725
0.334	0.5531696227661496	0.7439694094071165	0.43036061373552414
0.335	0.553251424230416	0.7440243717403933	0.4304430872462008
0.336	0.5533331500515025	0.7440792792616369	0.4305256272780632
0.337	0.5534148015517631	0.744134132867937	0.43060823257729247
0.338	0.5534963800312922	0.7441889334411641	0.4306909019110957
0.339	0.5535778867686578	0.7442436818484766	0.4307736340670125
0.34	0.5536593230216332	0.7442983789428259	0.43085642785222095
0.341	0.5537406900279309	0.7443530255634637	0.4309392820928436
0.342	0.5538219890059337	0.7444076225364475	0.43102219563325356
0.343	0.5539032211554284	0.7444621706751472	0.43110516733538085
0.34400000000000003	0.5539843875489204	0.7445166707235106	0.43118819617520426
0.34500000000000003	0.5540654889910258	0.7445711232826298	0.4312712813675971
0.34600000000000003	0.5541465269047253	0.7446255292744952	0.4313544215791049
0.34700000000000003	0.5542275023901068	0.7446798894497131	0.43143761576393663
0.34800000000000003	0.5543084165294118	0.7447342045472091	0.43152086289297525
0.34900000000000003	0.5543892703876576	0.7447884752946765	0.4316041619531832
0.35000000000000003	0.5544700650132579	0.7448427024090245	0.431687511947007
0.35100000000000003	0.5545508014386438	0.7448968865968253	0.43177091189178285
0.352	0.5546314806808853	0.7449510285547628	0.43185436081914136
0.353	0.5547121037423124	0.7450051289700801	0.43193785777441285
0.354	0.554792671611136	0.7450591885210274	0.4320214018160323
0.355	0.554873185262069	0.7451132078773101	0.4321049920149448
0.356	0.5549536454640088	0.7451671875194631	0.4321886276535536
0.357	0.555034052714581	0.7452211276772843	0.43227230829346563
0.358	0.5551144083166584	0.7452750293400165	0.43235603266216727
0.359	0.5551947131504914	0.7453288931038525	0.4324397999229747
0.36	0.5552749680817833	0.7453827195547809	0.43252360925303673
0.361	0.555355173962153	0.7454365092688838	0.43260745984290366
0.362	0.5554353316295968	0.7454902628126375	0.432691350896097
0.363	0.5555154419089519	0.7455439807432098	0.4327752816286783
0.364	0.5555955056123577	0.7455976636087599	0.4328592512688186
0.365	0.555675523539719	0.7456513119487369	0.43294325905636766
0.366	0.5557554964791682	0.7457049262941794	0.4330273042424233
0.367	0.5558354252075275	0.7457585071680136	0.4331113860889004
0.368	0.5559153102942602	0.745812054982448	0.43319550404266544
0.369	0.5559951521628816	0.7458655700711878	0.43327965768096394
0.37	0.5560749518472222	0.7459190530855171	0.4333638460395963
0.371	0.5561547100435513	0.7459725044979901	0.43344806845491585
0.372	0.556234427435595	0.7460259247726879	0.4335323242750885
0.373	0.5563141046948639	0.7460793143654458	0.4336166128597825
0.374	0.5563937424809794	0.7461326737240818	0.43370093357985734
0.375	0.556473341442002	0.7461860032886247	0.4337852858170534
0.376	0.556552902214758	0.7462393034915423	0.4338696689636811
0.377	0.5566324254251664	0.7462925747579697	0.43395408242231015
0.378	0.5567119116885675	0.7463458175059373	0.4340385256054591
0.379	0.5567913616100486	0.746399032146599	0.43412299793528425
0.38	0.556870775694433	0.7464522190208956	0.43420749892923677
0.381	0.5569501544176554	0.7465053784497743	0.43429202813214174
0.382	0.5570294984604574	0.7465585108986204	0.43437658489381287
0.383	0.5571088083743821	0.7466116167422411	0.4344611686868944
0.384	0.5571880847009577	0.7466646963487237	0.4345457789934469
0.385	0.5572673279719702	0.7467177500796252	0.4346304153046876
0.386	0.5573465387097385	0.746770778290164	0.4347150771207301
0.387	0.5574257174273876	0.7468237813294105	0.4347997639503244
0.388	0.557504864629123	0.746876759540477	0.43488447531059693
0.389	0.557583980810505	0.7469297132607096	0.4349692107267906
0.39	0.5576630664587221	0.7469826428218777	0.4350539697320047
0.391	0.5577421220528656	0.7470355485503657	0.43513875186693485
0.392	0.5578211480075894	0.7470884307170382	0.4352235567371808
0.393	0.5579001447384588	0.7471412895952766	0.4353083839468156
0.394	0.5579791127539847	0.7471941255427378	0.4353932330048182
0.395	0.5580580524949202	0.7472469388584484	0.4354781034885044
0.396	0.558136964394524	0.7472997298363213	0.4355629949822665
0.397	0.5582158488788045	0.7473524987653203	0.43564790707734286
0.398	0.5582947063667656	0.7474052459296248	0.43573283937158774
0.399	0.5583735372706509	0.7474579716087948	0.4358177914692408
0.4	0.558452341996189	0.7475106760779356	0.43590276298069663
0.401	0.5585311209428381	0.7475633596078627	0.4359877535222745
0.402	0.558609874504031	0.7476160224652667	0.4360727627159879
0.403	0.5586886030674202	0.7476686649128778	0.43615779018931405
0.404	0.558767306827267	0.7477212870892112	0.4362428357496012
0.405	0.5588459860810934	0.7477738891987352	0.43632789910828745
0.406	0.558924641356429	0.747826471593128	0.4364129797630683
0.40700000000000003	0.5590032730064334	0.747879034512068	0.43649807737381996
0.40800000000000003	0.5590818813787868	0.7479315781915066	0.43658319160558845
0.40900000000000003	0.5591604668159091	0.7479841028638148	0.43666832212838397
0.41000000000000003	0.5592390296551777	0.7480366087579314	0.43675346861697517
0.41100000000000003	0.5593175702291455	0.748089096099511	0.4368386307506837
0.41200000000000003	0.55939608886576	0.7481415651110714	0.4369238082131785
0.41300000000000003	0.5594745858885806	0.7481940160121413	0.43700900069227
0.41400000000000003	0.5595530616169978	0.7482464490194082	0.4370942078797047
0.41500000000000004	0.5596315163664506	0.7482988643468664	0.43717942947095945
0.41600000000000004	0.5597099504486452	0.7483512622059642	0.4372646651650357
0.417	0.5597883641717736	0.748403642805752	0.43734991466425405
0.418	0.559866757840731	0.7484560063530302	0.43743517767404844
0.419	0.559945131757335	0.7485083530524964	0.4375204539027607
0.42	0.5600234859043193	0.7485606828974062	0.4376057433577776
0.421	0.5601018202902363	0.7486129958980613	0.4376910460223121
0.422	0.5601801355854746	0.7486652925031547	0.4377763612593695
0.423	0.5602584320533698	0.7487175728916697	0.43786168881343573
0.424	0.5603367099533714	0.7487698372399674	0.43794702843265654
0.425	0.560414969541206	0.7488220857218979	0.438032379868683
0.426	0.560493211069041	0.7488743185089125	0.4381177428765173
0.427	0.5605714347856474	0.7489265357701747	0.4382031172143587
0.428	0.5606496409365638	0.7489787376726708	0.43828850264344943
0.429	0.560727829764259	0.7490309243813227	0.43837389892792034
0.43	0.5608060015082957	0.7490830960590978	0.43845930583463677
0.431	0.5608841564054943	0.7491352528671218	0.43854472313304455
0.432	0.5609622946900953	0.7491873949647886	0.4386301505950155
0.433	0.5610404165939232	0.7492395225098727	0.43871558799469357
0.434	0.5611185223465501	0.7492916356586402	0.4388010351083407
0.435	0.5611966121754582	0.7493437345659605	0.43888649171418226
0.436	0.5612746860631567	0.7493958192193245	0.438971957821805
0.437	0.5613527438298371	0.7494478894953308	0.43905743359409033
0.438	0.5614307861222365	0.749499945835447	0.4391429184132608
0.439	0.5615088131333004	0.7495519883710613	0.4392284120901232
0.44	0.5615868250528327	0.7496040172314448	0.43931391443844237
0.441	0.5616648220676044	0.7496560325438251	0.4393994252748387
0.442	0.5617428043614626	0.7497080344334609	0.4394849444186847
0.443	0.5618207721154402	0.7497600230237166	0.4395704716920023
0.444	0.5618987255078647	0.749811998436136	0.4396560069193598
0.445	0.5619766647144672	0.7498639607905172	0.4397415499277688
0.446	0.5620545899084919	0.7499159102049866	0.43982710054658125
0.447	0.5621325012608049	0.7499678467960735	0.43991265860738643
0.448	0.5622103989400038	0.7500197706787843	0.4399982239439082
0.449	0.5622882831125264	0.7500716819666767	0.44008379639190154
0.45	0.56236615394276	0.7501235807719341	0.4401693757890501
0.451	0.5624440115931506	0.7501754672054401	0.44025496197486275
0.452	0.5625218561221846	0.7502273413065627	0.4403405548872014
0.453	0.562599687385968	0.7502792029754142	0.4404261546554046
0.454	0.5626775058188501	0.7503310525101218	0.44051176086168037
0.455	0.5627553115605183	0.7503828900060423	0.4405973733670286
0.456	0.5628331047481798	0.7504347155568579	0.4406829920347856
0.457	0.5629108855166398	0.7504865292546284	0.4407686167305514
0.458	0.562988653998378	0.7505383311898446	0.44085424732211603
0.459	0.5630664103236273	0.7505901214514801	0.44093988367938697
0.46	0.5631441546204506	0.7506419001270446	0.44102552567431547
0.461	0.5632218870148193	0.7506936673026362	0.44111117318082366
0.462	0.5632996076306902	0.7507454230629942	0.4411968260747313
0.463	0.5633773165900834	0.7507971674915516	0.44128248423368277
0.464	0.5634550140131597	0.7508489006704878	0.44136814753707365
0.465	0.5635327000182988	0.7509006226807814	0.4414538158659776
0.466	0.5636103747221765	0.7509523336022625	0.4415394891030735
0.467	0.563688038239842	0.7510040335136656	0.4416251671325718
0.468	0.5637656906552159	0.7510557224733457	0.44171084986777254
0.46900000000000003	0.5638433319089448	0.7511074004459742	0.44179653735581514
0.47000000000000003	0.5639209622539141	0.7511590676002995	0.4418822293521956
0.47100000000000003	0.5639985817920219	0.7512107240063476	0.44196792575345384
0.47200000000000003	0.564076190623426	0.7512623697329834	0.4420536264577648
0.47300000000000003	0.5641537888466067	0.7513140048479546	0.442139331364879
0.47400000000000003	0.5642313765584306	0.751365629417934	0.44222504037606286
0.47500000000000003	0.5643089538542126	0.751417243508563	0.4423107533940395
0.47600000000000003	0.56438652082778	0.7514688471844946	0.4423964703229291
0.47700000000000004	0.564464077571534	0.7515204405094363	0.4424821910681892
0.47800000000000004	0.5645416241765147	0.7515720235461938	0.44256791553655556
0.47900000000000004	0.5646191607324621	0.7516235963567128	0.44265364363598236
0.48	0.5646966873278803	0.7516751590021237	0.4427393752755829
0.481	0.5647742040501003	0.7517267115427831	0.44282511036557
0.482	0.5648517109853427	0.7517782540383183	0.44291084881719645
0.483	0.564929208218781	0.7518297865476692	0.44299659054269575
0.484	0.5650066958244326	0.7518813091214785	0.4430823354650749
0.485	0.5650841737168112	0.7519328216904694	0.4431680836618071
0.486	0.5651616421085985	0.7519843244097977	0.44325383492152737
0.487	0.5652391010752287	0.752035817331436	0.4433395891657831
0.488	0.5653165506909835	0.75208730050657	0.44342534631721114
0.489	0.5653939910290442	0.7521387739856319	0.44351110629949003
0.49	0.5654714221615417	0.7521902378183345	0.4435968690372923
0.491	0.5655488441596073	0.7522416920537048	0.443682634456237
0.492	0.5656262570934236	0.7522931367401186	0.44376840248284205
0.493	0.5657036610322758	0.7523445719253332	0.44385417304447655
0.494	0.5657810560446009	0.7523959976565225	0.44393994606931314
0.495	0.5658584421980404	0.7524474139803098	0.4440257214862804
0.496	0.5659358195594894	0.7524988209428021	0.44411149922501525
0.497	0.5660131881951482	0.7525502185896243	0.4441972792158153
0.498	0.566090548170573	0.7526016069659525	0.4442830613895911
0.499	0.5661678995507263	0.7526529861165479	0.44436884567781876
0.5	0.566245242400028	0.7527043560857909	0.4444546320124921
0.501	0.5663225764459101	0.7527557167069727	0.44454042063709437
0.502	0.5663999020075163	0.7528070681839278	0.444626211248211
0.503	0.5664772191481143	0.7528584105602049	0.44471200377894493
0.504	0.5665545279223914	0.7529097438739455	0.4447977981703429
0.505	0.5666318283843074	0.7529610681628058	0.4448835943641362
0.506	0.5667091205871356	0.7530123834639831	0.4449693923027032
0.507	0.5667864045835025	0.753063689814243	0.4450551919290305
0.508	0.5668636804254285	0.7531149872499473	0.44514099318667544
0.509	0.5669409481643684	0.7531662758070815	0.44522679601972776
0.51	0.5670182078512515	0.7532175555212814	0.44531260037277154
0.511	0.5670954595365223	0.7532688264278614	0.4453984061908473
0.512	0.567172703270181	0.7533200885618411	0.44548421341941363
0.513	0.5672499391018234	0.7533713419579732	0.4455700220043095
0.514	0.5673271670806819	0.7534225866507707	0.44565583189171576
0.515	0.5674043872556652	0.7534738226745342	0.44574164302811736
0.516	0.5674815996753996	0.7535250500633796	0.44582745536026525
0.517	0.5675588043882688	0.7535762688512648	0.44591326883513815
0.518	0.5676360014424541	0.7536274790720179	0.44599908339990474
0.519	0.5677131908859755	0.7536786807593641	0.4460848990018853
0.52	0.5677903726588666	0.7537298738706368	0.44617071569130023
0.521	0.5678675465675088	0.7537810582686179	0.44625653364572737
0.522	0.5679447129147545	0.7538322341673577	0.446342352569649
0.523	0.5680218717386536	0.7538834015935619	0.44642817241988075
0.524	0.568099023076757	0.7539345605735884	0.44651399315371393
0.525	0.5681761669661433	0.7539857111334655	0.44659981472889004
0.526	0.5682533034434465	0.7540368532989097	0.44668563710357495
0.527	0.5683304325448837	0.7540879870953445	0.44677146023633296
0.528	0.568407554306282	0.7541391125479187	0.4468572840861015
0.529	0.5684846687631063	0.7541902296815236	0.4469431086121649
0.53	0.5685617759504871	0.7542413385208127	0.4470289337741293
0.531	0.5686388759032468	0.7542924390902184	0.447114759531896
0.532	0.5687159686559288	0.7543435314139716	0.44720058584563677
0.533	0.5687930542428233	0.7543946155161187	0.44728641267576735
0.534	0.5688701326979961	0.754445691420541	0.447372239982922
0.535	0.5689472040553152	0.7544967591509716	0.4474580677279279
0.536	0.5690242683484784	0.754547818731015	0.447543895871779
0.537	0.5691013256110411	0.7545988701841639	0.4476297243756108
0.538	0.5691783758764435	0.7546499135338188	0.44771555320067435
0.539	0.5692554191780381	0.7547009488033054	0.4478013823083104
0.54	0.5693324553413748	0.7547519759058027	0.4478872118449048
0.541	0.5694094843835014	0.7548029948559509	0.44797304178633607
0.542	0.5694865064750572	0.754854005749766	0.4480588719717278
0.543	0.5695635216404993	0.7549050086057839	0.44814470237037557
0.544	0.5696405299038496	0.7549560034422996	0.448230532951968
0.545	0.5697175312887103	0.7550069902773797	0.4483163636865714
0.546	0.5697945258182796	0.7550579691288746	0.44840219454461444
0.547	0.5698715135153682	0.75510894001443	0.4484880254968724
0.548	0.5699484944024147	0.7551599029514993	0.448573856514452
0.549	0.5700254685015015	0.7552108579573562	0.4486596875687759
0.55	0.5701024358343713	0.7552618050491058	0.4487455186315672
0.551	0.570179396422442	0.7553127442436977	0.44883134967483407
0.552	0.5702563502868235	0.755363675557937	0.4489171806708543
0.553	0.5703332974483333	0.7554145990084978	0.4490030115921597
0.554	0.5704102379275121	0.7554655146119338	0.44908884241152097
0.555	0.5704871717446399	0.7555164223846912	0.44917467310193193
0.556	0.5705640989197523	0.7555673223431211	0.44926050363659437
0.557	0.5706410194726558	0.7556182145034906	0.4493463339889023
0.558	0.5707179334229437	0.755669098881996	0.44943216413242687
0.559	0.5707948407900126	0.7557199754947739	0.44951799404090054
0.56	0.5708717414968711	0.7557708441457952	0.449603823830505
0.561	0.570948635620339	0.7558217049784864	0.44968965338980005
0.562	0.5710255231914555	0.755872558035643	0.44977548267495526
0.5630000000000001	0.5711024042263433	0.7559234033274553	0.4498613116641062
0.5640000000000001	0.5711792787408634	0.755974240863797	0.449947140335686
0.5650000000000001	0.5712561467506275	0.7560250706542296	0.4500329686684149
0.5660000000000001	0.5713330082710106	0.7560758927080075	0.4501187966412899
0.5670000000000001	0.5714098633171633	0.7561267070340815	0.4502046242335743
0.5680000000000001	0.5714867119040242	0.7561775136411045	0.45029045142478746
0.5690000000000001	0.5715635540463331	0.7562283125374357	0.4503762781946942
0.5700000000000001	0.5716403897586423	0.7562791037311449	0.4504621045232946
0.5710000000000001	0.5717172190553304	0.7563298872300172	0.4505479303908134
0.5720000000000001	0.5717940419506136	0.7563806630415576	0.45063375577768977
0.5730000000000001	0.5718708584585589	0.7564314311729959	0.45071958066456685
0.5740000000000001	0.5719476685930965	0.7564821916312907	0.4508054050322813
0.5750000000000001	0.5720244723680321	0.7565329444231342	0.45089122886185307
0.5760000000000001	0.5721012697970596	0.7565836895549571	0.45097705213447487
0.577	0.5721780608937731	0.7566344270329327	0.45106287483150165
0.578	0.5722548456716802	0.7566851568629815	0.4511486969344406
0.579	0.5723316241092232	0.7567358790945525	0.4512345184341836
0.58	0.5724083960255096	0.7567865939761163	0.4513203393638281
0.581	0.5724851616080215	0.7568373012949717	0.4514061596592676
0.582	0.5725619208643249	0.7568880010632293	0.45149197930402385
0.583	0.5726386738016428	0.7569386932931677	0.4515777982818027
0.584	0.5727154204268595	0.7569893779972486	0.4516636165764858
0.585	0.5727921607465265	0.7570400551881313	0.4517494341721222
0.586	0.5728688947668662	0.7570907248786857	0.45183525105292005
0.587	0.5729456224937773	0.7571413870820074	0.4519210672032382
0.588	0.5730223439328396	0.7571920418114314	0.4520068826075778
0.589	0.5730990590893187	0.7572426890805467	0.45209269725057394
0.59	0.5731757679681709	0.75729332890321	0.4521785111169871
0.591	0.5732524705740479	0.75734396129356	0.45226432419169527
0.592	0.5733291669113018	0.7573945862660317	0.4523501364596851
0.593	0.5734058569839897	0.7574452038353705	0.4524359479060436
0.594	0.5734825407958788	0.7574958140166461	0.45252175851595
0.595	0.5735592183504509	0.7575464168252674	0.45260756827466725
0.596	0.5736358896509076	0.7575970122769954	0.45269337716753355
0.597	0.5737125547001748	0.7576476003879589	0.45277918517995414
0.598	0.5737892135009075	0.7576981811746673	0.45286499229739285
0.599	0.5738658662526421	0.757748754184494	0.4529507985316175
0.6	0.5739425130780211	0.7577993191477322	0.4530366038842329
0.601	0.5740191537656346	0.7578498765900784	0.4531224083124258
0.602	0.5740957883277934	0.7579004265042475	0.4532082118032344
0.603	0.5741724167771517	0.7579509688820012	0.45329401434379213
0.604	0.5742490391267262	0.7580015037141277	0.45337981592132137
0.605	0.5743256553899151	0.7580520309904232	0.4534656165231267
0.606	0.5744022655805165	0.7581025506996716	0.45355141613658867
0.607	0.5744788697127482	0.758153062829626	0.4536372147491571
0.608	0.5745554678012658	0.7582035673669885	0.4537230123483447
0.609	0.5746320598611818	0.7582540642973911	0.4538088089217207
0.61	0.574708645908085	0.7583045536053762	0.453894604456904
0.611	0.574785225958059	0.7583550352743773	0.4539803989415569
0.612	0.574861800027701	0.7584055092866996	0.4540661923633788
0.613	0.5749383681341413	0.7584559756235003	0.45415198471009927
0.614	0.5750149302950613	0.7585064342647697	0.4542377759694719
0.615	0.5750914865287137	0.758556885189311	0.45432356612926766
0.616	0.5751680368539399	0.7586073283747214	0.4544093551772685
0.617	0.5752445812901903	0.7586577637973733	0.45449514310126066
0.618	0.5753211198575423	0.758708191432393	0.4545809298890284
0.619	0.5753976515183201	0.758758613362279	0.45466671553206855
0.62	0.575474175678999	0.7588090307846933	0.4547525000203045
0.621	0.5755506919881036	0.7588594444151101	0.4548382833427943
0.622	0.5756272004931191	0.7589098541645501	0.4549240654906103
0.623	0.5757037044880454	0.758960253431404	0.45500984645927395
0.624	0.5757802032723344	0.7590106436246261	0.455095626239778
0.625	0.5758566977535667	0.7590610229266058	0.4551814048255329
0.626	0.5759331863879541	0.7591113944446665	0.4552671822038418
0.627	0.5760096686997834	0.7591617591395051	0.45535295836494594
0.628	0.5760861452010482	0.7592121159866763	0.4554387333018181
0.629	0.5761626157307023	0.759262465315094	0.45552450700534886
0.63	0.5762390802808773	0.7593128071541402	0.45561027946399846
0.631	0.5763155385237991	0.7593631421653417	0.45569605066905006
0.632	0.5763919901728136	0.7594134709313766	0.45578182061060085
0.633	0.5764684356281343	0.7594637926561129	0.455867589280072
0.634	0.57654487530808	0.7595141065096802	0.45595335666804415
0.635	0.5766213088735505	0.7595644131791689	0.4560391227648046
0.636	0.5766977363922579	0.7596147125353162	0.4561248875613632
0.637	0.5767741576434738	0.7596650050179617	0.45621065105165143
0.638	0.5768505729257223	0.7597152900424422	0.45629641322434106
0.639	0.5769269823288163	0.759765567435888	0.4563821740702179
0.64	0.5770033859425692	0.7598158370254295	0.45646793358006804
0.641	0.5770797838032548	0.7598660987444689	0.4565536917449983
0.642	0.5771561751854625	0.7599163540382956	0.4566394485606843
0.643	0.5772325605655815	0.759966601966715	0.45672520401559324
0.644	0.5773089399553237	0.7600168425118827	0.4568109581009795
0.645	0.5773853133664011	0.7600670756559548	0.45689671080809735
0.646	0.5774616808105254	0.7601173013810868	0.4569824621282012
0.647	0.5775380421276293	0.7601675199996542	0.4570682120574302
0.648	0.5776143974046338	0.7602177313492339	0.45715396058489993
0.649	0.577690746640317	0.7602679354368455	0.4572397077022326
0.65	0.5777670898309182	0.7603181322743882	0.4573254534011225
0.651	0.577843426972677	0.7603683218737608	0.457411197673264
0.652	0.5779197581139026	0.7604185041740589	0.45749694041521577
0.653	0.5779960832163025	0.7604686791530207	0.45758268187016565
0.654	0.578072402291868	0.7605188468663562	0.45766842185058093
0.655	0.5781487153405989	0.7605690073140653	0.4577541603564616
0.656	0.5782250223624955	0.7606191604961481	0.45783989738780767
0.657	0.5783013233675202	0.7606693063928105	0.4579256327210429
0.658	0.5783776183497763	0.7607194450157684	0.4580113664884969
0.659	0.5784539073067483	0.7607695763700195	0.4580970987466224
0.66	0.5785301902384363	0.7608197004555639	0.45818282949541944
0.661	0.5786064671448403	0.7608698172724017	0.4582685587348879
0.662	0.5786827380259603	0.7609199268205326	0.45835428646502796
0.663	0.5787590028817963	0.7609700290999567	0.45844001268583945
0.664	0.5788352617123481	0.7610201241106741	0.4585257373973225
0.665	0.578911514517616	0.7610702118526848	0.458611460599477
0.666	0.5789877612975998	0.7611202923259887	0.458697182292303
0.667	0.5790640020522996	0.7611703655305858	0.4587829024758005
0.668	0.5791402367817153	0.7612204314664763	0.4588686211499695
0.669	0.579216465485847	0.76127049013366	0.45895433831481003
0.67	0.5792926881646947	0.7613205415321369	0.45904005397032205
0.671	0.5793689048182583	0.7613705856619072	0.4591257681165056
0.672	0.5794451154348778	0.7614206225462479	0.4592114805821995
0.673	0.5795213199908089	0.7614706522325602	0.4592971910188592
0.674	0.5795975185159371	0.7615206746611832	0.45938289986517716
0.675	0.5796737110102624	0.7615706898321172	0.4594686071211535
0.676	0.5797498974737847	0.7616206977453618	0.45955431278678815
0.677	0.5798260779065041	0.7616706984009172	0.45964001686208117
0.678	0.5799022523084204	0.7617206917987834	0.4597257193470325
0.679	0.5799784206795339	0.7617706779389604	0.4598114202416421
0.68	0.5800545830198444	0.7618206568214481	0.4598971195459101
0.681	0.5801307393293519	0.7618706284462466	0.4599828172598364
0.682	0.5802068896080564	0.761920592813356	0.4600685133834211
0.683	0.580283033855958	0.761970549922776	0.46015420791666406
0.684	0.5803591720730568	0.7620204997745069	0.46023990085956534
0.685	0.5804353042593524	0.7620704423685485	0.460325592212125
0.686	0.5805114304148452	0.7621203777049009	0.46041128197434295
0.687	0.580587550539535	0.7621703057835642	0.4604969701462192
0.6880000000000001	0.580663665012477	0.7622202262217564	0.46058265933893633
0.6890000000000001	0.5807397728687607	0.7622701399938746	0.46066834290555203
0.6900000000000001	0.5808158746927464	0.7623200465098131	0.4607540248715279
0.6910000000000001	0.5808919704835787	0.7623699457704362	0.4608397052309699
0.6920000000000001	0.5809680602404018	0.7624198377766076	0.4609253839779841
0.6930000000000001	0.5810441439623603	0.7624697225291915	0.4610110611066766
0.6940000000000001	0.5811202216485983	0.762519600029052	0.46109673661115347
0.6950000000000001	0.5811962932982605	0.7625694702770529	0.4611824104855207
0.6960000000000001	0.5812723589104912	0.7626193332740583	0.4612680827238844
0.6970000000000001	0.5813484184844349	0.7626691890209322	0.4613537533203506
0.6980000000000001	0.5814244720192357	0.7627190375185386	0.4614394222690254
0.6990000000000001	0.5815005195140384	0.7627688787677416	0.4615250895640148
0.7000000000000001	0.581576560967987	0.7628187127694052	0.46161075519942485
0.7010000000000001	0.5816525963802262	0.7628685395243933	0.46169641916936166
0.7020000000000001	0.5817286257499003	0.7629183590335699	0.46178208146793126
0.7030000000000001	0.581804649046472	0.7629681713095918	0.46186774198746383
0.704	0.5818806661886107	0.7630179763852963	0.46195340044612315
0.705	0.581956677270538	0.7630677742237727	0.4620390571640269
0.706	0.5820326822908617	0.763117564826098	0.4621247121334411
0.707	0.5821086812481894	0.7631673481933496	0.4622103653466319
0.708	0.5821846741411291	0.7632171243266047	0.4622960167958654
0.709	0.5822606609682885	0.7632668932269404	0.4623816664734077
0.71	0.5823366417282756	0.763316654895434	0.46246731437152494
0.711	0.5824126164196979	0.7633664093331626	0.4625529604824832
0.712	0.5824885850411633	0.7634161565412034	0.4626386047985486
0.713	0.5825645475912797	0.7634658965206337	0.4627242473119873
0.714	0.582640504068655	0.7635156292725307	0.4628098880150653
0.715	0.5827164544718967	0.7635653547979716	0.4628955269000488
0.716	0.5827923987996128	0.7636150730980336	0.46298116395920386
0.717	0.582868337050411	0.7636647841737938	0.46306679918479665
0.718	0.5829442692228992	0.7637144880263296	0.46315243256909316
0.719	0.5830201953156852	0.763764184656718	0.46323806410435964
0.72	0.5830961153273767	0.7638138740660364	0.46332369378286214
0.721	0.5831720292565816	0.7638635562553618	0.46340932159686676
0.722	0.5832479371019077	0.7639132312257717	0.4634949475386396
0.723	0.5833238388619627	0.763962898978343	0.4635805716004468
0.724	0.5833997345353545	0.7640125595141531	0.4636661937745545
0.725	0.583475624120691	0.7640622128342791	0.4637518140532287
0.726	0.5835515076165797	0.7641118589397983	0.4638374324287356
0.727	0.5836273850216287	0.7641614978317878	0.46392304889334124
0.728	0.5837032563344456	0.7642111295113247	0.4640086634393118
0.729	0.5837791215536384	0.7642607539794866	0.4640942760589134
0.73	0.5838549806496015	0.7643103711917972	0.46417988682880507
0.731	0.5839308335910461	0.7643599811010624	0.4642654958306814
0.732	0.584006680425462	0.7644095837872845	0.46435110291059
0.733	0.58408252115113	0.7644591792510129	0.46443670806177495
0.734	0.5841583557663311	0.7645087674927971	0.4645223112774803
0.735	0.5842341842693463	0.7645583485131863	0.4646079125509499
0.736	0.5843100066584561	0.7646079223127299	0.46469351187542784
0.737	0.5843858229319417	0.7646574888919773	0.46477910924415816
0.738	0.584461633088084	0.7647070482514777	0.4648647046503849
0.739	0.5845374371251636	0.7647566003917807	0.46495029808735194
0.74	0.5846132350414617	0.7648061453134356	0.4650358895483034
0.741	0.5846890268352589	0.7648556830169917	0.46512147902648315
0.742	0.5847648125048364	0.7649052135029983	0.4652070665151354
0.743	0.5848405920484748	0.7649547367720049	0.46529265200750397
0.744	0.5849163654644551	0.7650042528245607	0.46537823549683294
0.745	0.5849921327510582	0.7650537616612152	0.46546381697636635
0.746	0.5850678939065651	0.7651032632825178	0.4655493964393482
0.747	0.5851436489292564	0.7651527576890177	0.4656349738790224
0.748	0.5852193978174132	0.7652022448812643	0.4657205492886331
0.749	0.5852951405693162	0.7652517248598071	0.46580612266142424
0.75	0.5853708771832465	0.7653011976251952	0.4658916939906398
0.751	0.5854466076574849	0.7653506631779783	0.4659772632695238
0.752	0.5855223319903122	0.7654001215187055	0.4660628304913203
0.753	0.5855980501800094	0.7654495726479262	0.46614839564927324
0.754	0.5856737622248573	0.7654990165661899	0.46623395873662665
0.755	0.5857494681231369	0.7655484532740457	0.46631951974662456
0.756	0.5858251678731289	0.7655978827720433	0.46640507867251096
0.757	0.5859008614330051	0.7656473050025133	0.46649063564790627
0.758	0.5859765487901099	0.7656967199501307	0.466576190704331
0.759	0.5860522299841089	0.7657461276755151	0.46666174369018737
0.76	0.5861279050129427	0.7657955281787215	0.46674729459991193
0.761	0.586203573874551	0.7658449214598047	0.4668328434279413
0.762	0.5862792365668743	0.7658943075188193	0.466918390168712
0.763	0.5863548930878525	0.76594368635582	0.46700393481666064
0.764	0.5864305434354258	0.7659930579708618	0.46708947736622375
0.765	0.5865061876075344	0.7660424223639994	0.46717501781183796
0.766	0.5865818256021184	0.7660917795352875	0.4672605561479399
0.767	0.5866574574171178	0.7661411294847809	0.46734609236896596
0.768	0.5867330830504729	0.7661904722125342	0.4674316264693529
0.769	0.5868087025001238	0.7662398077186025	0.4675171584435372
0.77	0.5868843157640107	0.7662891360030403	0.4676026882859554
0.771	0.5869599228400736	0.7663384570659025	0.4676882159910442
0.772	0.5870355237262528	0.7663877709072437	0.4677737415532401
0.773	0.5871111184204881	0.766437077527119	0.46785926496697966
0.774	0.5871867069207201	0.7664863769255827	0.4679447862266995
0.775	0.5872622892248887	0.76653566910269	0.46803030532683615
0.776	0.5873378653309339	0.7665849540584954	0.46811582226182624
0.777	0.587413435236796	0.7666342317930537	0.4682013370261063
0.778	0.5874889989404152	0.7666835023064197	0.46828684961411293
0.779	0.5875645564397315	0.7667327655986482	0.46837236002028265
0.78	0.587640107732685	0.7667820216697939	0.4684578682390521
0.781	0.587715652817216	0.7668312705199117	0.46854337426485787
0.782	0.5877911916912646	0.7668805121490562	0.46862887809213644
0.783	0.5878667243527709	0.7669297465572822	0.4687143797153245
0.784	0.5879422507577995	0.7669789737171558	0.4687998792315393
0.785	0.5880177709121571	0.7670281936338954	0.4688853766159284
0.786	0.5880932848398188	0.7670774063246464	0.46897087179908925
0.787	0.5881687925384449	0.7671266117892797	0.469056364776145
0.788	0.5882442940056952	0.7671758100276662	0.4691418555422189
0.789	0.5883197892392301	0.767225001039677	0.46922734409243416
0.79	0.5883952782367096	0.7672741848251828	0.46931283042191396
0.791	0.5884707609957937	0.7673233613840549	0.4693983145257815
0.792	0.5885462375141426	0.7673725307161638	0.46948379639916005
0.793	0.5886217077894165	0.767421692821381	0.4695692760371727
0.794	0.5886971718192754	0.767470847699577	0.46965475343494273
0.795	0.5887726296013794	0.7675199953506229	0.46974022858759334
0.796	0.5888480811333888	0.7675691357743896	0.4698257014902477
0.797	0.5889235264129635	0.767618268970748	0.46991117213802913
0.798	0.5889989654377638	0.7676673949395693	0.46999664052606066
0.799	0.5890743982054496	0.7677165136807241	0.4700821066494656
0.8	0.589149824713681	0.7677656251940836	0.47016757050336716
0.801	0.5892252449601185	0.7678147294795188	0.4702530320828885
0.802	0.5893006589424218	0.7678638265369004	0.4703384913831528
0.803	0.5893760666582512	0.7679129163660995	0.4704239483992833
0.804	0.5894514681052667	0.7679619989669869	0.47050940312640327
0.805	0.5895268632811286	0.7680110743394337	0.4705948555596358
0.806	0.5896022521834968	0.7680601424833109	0.47068030569410424
0.807	0.5896776348100317	0.7681092033984892	0.4707657535249316
0.808	0.5897530111583931	0.7681582570848398	0.47085119904724126
0.809	0.5898283812262411	0.7682073035422334	0.47093664225615633
0.81	0.5899037450112362	0.7682563427705412	0.4710220831468
0.811	0.5899791024808175	0.7683053747486792	0.471107521785803
0.812	0.5900544536484461	0.7683543994874746	0.47119295813090073
0.8130000000000001	0.5901297985226571	0.7684034169943389	0.47127839215148465
0.8140000000000001	0.5902051371010161	0.7684524272690776	0.47136382384290115
0.8150000000000001	0.590280469381089	0.7685014303114962	0.47144925320049663
0.8160000000000001	0.5903557953604415	0.7685504261214003	0.47153468021961753
0.8170000000000001	0.5904311150366393	0.7685994146985956	0.47162010489561024
0.8180000000000001	0.5905064284072483	0.7686483960428874	0.4717055272238212
0.8190000000000001	0.5905817354698344	0.7686973701540812	0.47179094719959674
0.8200000000000001	0.5906570362219631	0.7687463370319828	0.47187636481828343
0.8210000000000001	0.5907323306612003	0.7687952966763975	0.47196178007522754
0.8220000000000001	0.5908076187851119	0.7688442490871309	0.4720471929657755
0.8230000000000001	0.5908829005912636	0.7688931942639886	0.4721326034852738
0.8240000000000001	0.5909581760772211	0.7689421322067761	0.47221801162906873
0.8250000000000001	0.5910334452405502	0.768991062915299	0.47230341739250686
0.8260000000000001	0.5911087080788169	0.7690399863893627	0.47238882077093447
0.8270000000000001	0.5911839645895867	0.7690889026287728	0.472474221759698
0.8280000000000001	0.5912592147704254	0.7691378116333348	0.4725596203541439
0.8290000000000001	0.591334458618899	0.7691867134028544	0.47264501654961855
0.8300000000000001	0.5914096961325732	0.769235607937137	0.47273041034146834
0.8310000000000001	0.5914849273090136	0.7692844952359881	0.47281580172503973
0.8320000000000001	0.5915601521457862	0.7693333752992133	0.4729011906956791
0.833	0.5916353706404567	0.7693822481266182	0.4729865772487329
0.834	0.5917105827905909	0.7694311137180081	0.4730719613795475
0.835	0.5917857885937544	0.7694799720731889	0.4731573430834693
0.836	0.5918609880475133	0.7695288231919658	0.47324272235584475
0.837	0.5919361811494331	0.7695776670741445	0.4733280991920203
0.838	0.5920113678970799	0.7696265037195306	0.47341347358734226
0.839	0.5920865482880191	0.7696753331279295	0.4734988455371571
0.84	0.5921617223198167	0.7697241552991467	0.4735842150368112
0.841	0.5922368899900384	0.7697729702329879	0.47366958208165105
0.842	0.5923120512962502	0.7698217779292585	0.47375494666702295
0.843	0.5923872062360176	0.7698705783877642	0.4738403087882734
0.844	0.5924623548069065	0.7699193716083104	0.4739256684407488
0.845	0.5925374970064826	0.7699681575907026	0.47401102561979547
0.846	0.5926126328323118	0.7700169363347465	0.47409638032075996
0.847	0.5926877622657212	0.7700657078275362	0.4741817325848284
0.848	0.5927628853166855	0.7701144720785909	0.4742670823723181
0.849	0.5928380019850185	0.7701632290894757	0.4743524296722298
0.85	0.5929131122682441	0.7702119788599633	0.47443777448002805
0.851	0.5929882161638861	0.7702607213898265	0.4745231167911777
0.852	0.5930633136694684	0.7703094566788379	0.4746084566011435
0.853	0.5931384047825149	0.7703581847267703	0.47469379390539024
0.854	0.5932134895005494	0.7704069055333965	0.4747791286993826
0.855	0.5932885678210956	0.770455619098489	0.4748644609785855
0.856	0.5933636397416777	0.7705043254218208	0.4749497907384635
0.857	0.5934387052598192	0.7705530245031644	0.4750351179744815
0.858	0.5935137643730443	0.7706017163422926	0.47512044268210424
0.859	0.5935888170788766	0.7706504009389781	0.4752057648567965
0.86	0.5936638633748399	0.7706990782929937	0.475291084494023
0.861	0.5937389032584584	0.7707477484041119	0.47537640158924854
0.862	0.5938139367272556	0.7707964112721056	0.4754617161379378
0.863	0.5938889637787554	0.7708450668967475	0.47554702813555566
0.864	0.5939639844104819	0.7708937152778103	0.47563233757756684
0.865	0.5940389986199588	0.7709423564150667	0.4757176444594361
0.866	0.5941140064047099	0.7709909903082894	0.47580294877662815
0.867	0.5941890077622591	0.7710396169572512	0.4758882505246078
0.868	0.5942640026901304	0.7710882363617247	0.47597354969883987
0.869	0.5943389911858474	0.7711368485214828	0.476058846294789
0.87	0.5944139732469342	0.7711854534362981	0.47614414030792007
0.871	0.5944889488709144	0.7712340511059432	0.47622943173369775
0.872	0.5945639180553121	0.771282641530191	0.4763147205675869
0.873	0.594638880797651	0.7713312247088142	0.4764000068050522
0.874	0.594713837095455	0.7713798006415854	0.4764852904415584
0.875	0.594788786946248	0.7714283693282775	0.47657057147257037
0.876	0.5948637303475538	0.7714769307686631	0.4766558498935528
0.877	0.5949386672968963	0.7715254849625148	0.47674112569997046
0.878	0.5950135977917992	0.7715740319096056	0.4768263988872881
0.879	0.5950885218297866	0.771622571609708	0.4769116694509705
0.88	0.5951634394083821	0.7716711040625948	0.4769969373864824
0.881	0.5952383505251098	0.7717196292680387	0.47708220268928864
0.882	0.5953132551774537	0.7717681472257554	0.4771674653554332
0.883	0.5953881533607445	0.7718166579323669	0.4772527254123966
0.884	0.5954630450745515	0.7718651613905845	0.4773379828257836
0.885	0.5955379303163937	0.7719136576001736	0.477423237591133
0.886	0.5956128090837897	0.7719621465608997	0.47750848970398374
0.887	0.5956876813742582	0.7720106282725281	0.47759373915987485
0.888	0.5957625471853182	0.7720591027348243	0.47767898595434527
0.889	0.5958374065144884	0.7721075699475536	0.4777642300829338
0.89	0.5959122593592875	0.7721560299104816	0.4778494715411795
0.891	0.5959871057172343	0.7722044826233737	0.47793471032462126
0.892	0.5960619455858476	0.7722529280859952	0.478019946428798
0.893	0.5961367789626462	0.7723013662981115	0.4781051798492488
0.894	0.5962116058451488	0.7723497972594882	0.4781904105815124
0.895	0.5962864262308741	0.7723982209698905	0.4782756386211278
0.896	0.5963612401173412	0.772446637429084	0.478360863963634
0.897	0.5964360475020685	0.7724950466368341	0.4784460866045699
0.898	0.596510848382575	0.7725434485929061	0.4785313065394744
0.899	0.5965856427563793	0.7725918432970655	0.47861652376388647
0.9	0.5966604306210004	0.7726402307490777	0.47870173827334506
0.901	0.5967352119739568	0.7726886109487082	0.4787869500633891
0.902	0.5968099868127676	0.7727369838957223	0.4788721591295575
0.903	0.5968847551349513	0.7727853495898854	0.47895736546738926
0.904	0.5969595169380268	0.772833708030963	0.47904256907242326
0.905	0.5970342722195129	0.7728820592187206	0.4791277699401984
0.906	0.5971090209769283	0.7729304031529233	0.47921296806625374
0.907	0.5971837632077918	0.7729787398333369	0.47929816344612813
0.908	0.597258498909622	0.7730270692597265	0.4793833560753605
0.909	0.597333228079938	0.7730753914318579	0.47946854594948984
0.91	0.5974079507162584	0.7731237063494961	0.479553733064055
0.911	0.5974826668161021	0.7731720140124068	0.4796389174145951
0.912	0.5975573763769876	0.7732203144203552	0.47972409899664886
0.913	0.5976320793964339	0.773268607573107	0.47980927780575533
0.914	0.5977067758719598	0.7733168934704274	0.47989445383745344
0.915	0.5977814658010838	0.7733651721120819	0.4799796270872821
0.916	0.5978561491813249	0.7734134434978359	0.4800647975507803
0.917	0.597930826010202	0.7734617076274548	0.4801499652234869
0.918	0.598005496286544	0.7735099645011436	0.48023513010503593
0.919	0.5980801600136015	0.7735582141205907	0.48032029220887734
0.92	0.5981548171825344	0.7736064564834281	0.48040545151067887
0.921	0.5982294677908798	0.7736546915894273	0.4804906080060372
0.922	0.5983041118361752	0.7737029194383603	0.48057576169054883
0.923	0.5983787493159574	0.7737511400299985	0.48066091255981047
0.924	0.598453380227764	0.7737993533641133	0.48074606060941866
0.925	0.5985280045691319	0.7738475594404767	0.48083120583497
0.926	0.5986026223375986	0.7738957582588599	0.4809163482320612
0.927	0.5986772335307013	0.7739439498190349	0.48100148779628876
0.928	0.5987518381459772	0.7739921341207732	0.48108662452324935
0.929	0.5988264361809634	0.7740403111638462	0.4811717584085395
0.93	0.5989010276331973	0.7740884809480257	0.4812568894477559
0.931	0.5989756125002161	0.7741366434730833	0.48134201763649515
0.932	0.5990501907795569	0.7741847987387905	0.4814271429703538
0.933	0.5991247624687571	0.774232946744919	0.4815122654449286
0.934	0.5991993275653538	0.7742810874912405	0.48159738505581595
0.935	0.5992738860668843	0.7743292209775264	0.48168250179861266
0.936	0.5993484379708857	0.7743773472035484	0.4817676156689152
0.937	0.5994229832748954	0.7744254661690783	0.4818527266623202
0.9380000000000001	0.5994975219764506	0.7744735778738874	0.4819378347744243
0.9390000000000001	0.5995720540730884	0.7745216823177474	0.48202294000082413
0.9400000000000001	0.5996465795623462	0.77456977950043	0.48210804233711624
0.9410000000000001	0.5997210984417612	0.7746178694217067	0.48219314177889727
0.9420000000000001	0.5997956107088706	0.7746659520813494	0.48227823832176386
0.9430000000000001	0.5998701163612115	0.7747140274791293	0.48236333196131254
0.9440000000000001	0.5999446153963212	0.7747620956148182	0.48244842269314
0.9450000000000001	0.6000191078117371	0.7748101564881877	0.48253351051284277
0.9460000000000001	0.6000935936049961	0.7748582100990095	0.48261859541601754
0.9470000000000001	0.6001680727736358	0.774906256447055	0.48270367739826087
0.9480000000000001	0.6002425453151933	0.7749542955320959	0.4827887564551694
0.9490000000000001	0.6003170112272057	0.7750023273539041	0.4828738325823397
0.9500000000000001	0.6003914705072103	0.7750503519122507	0.4829589057753684
0.9510000000000001	0.6004659231527443	0.7750983692069077	0.48304397602985205
0.9520000000000001	0.600540369161345	0.7751463792376464	0.48312904334138734
0.9530000000000001	0.6006148085305497	0.7751943820042387	0.4832141077055709
0.9540000000000001	0.6006892412727362	0.7752423775142251	0.4832991691403547
0.9550000000000001	0.600763667404798	0.7752903657775099	0.4833842276704932
0.9560000000000001	0.6008380868920955	0.7753383467770204	0.48346928324311245
0.9570000000000001	0.6009124997321933	0.7753863205125426	0.4835543358538507
0.9580000000000001	0.6009869059226562	0.7754342869838629	0.48363938549834623
0.9590000000000001	0.6010613054610495	0.775482246190767	0.4837244321722373
0.96	0.6011356983449376	0.7755301981330411	0.48380947587116224
0.961	0.6012100845718858	0.7755781428104715	0.4838945165907592
0.962	0.6012844641394588	0.7756260802228441	0.4839795543266666
0.963	0.6013588370452214	0.775674010369945	0.4840645890745226
0.964	0.6014332032867387	0.7757219332515602	0.48414962082996554
0.965	0.6015075628615754	0.775769848867476	0.4842346495886337
0.966	0.6015819157672965	0.7758177572174785	0.4843196753461653
0.967	0.6016562620014667	0.7758656583013536	0.4844046980981987
0.968	0.6017306015616513	0.7759135521188874	0.48448971784037204
0.969	0.6018049344454147	0.7759614386698661	0.48457473456832373
0.97	0.6018792606503222	0.7760093179540757	0.4846597482776919
0.971	0.6019535801739384	0.7760571899713024	0.484744758964115
0.972	0.6020278930138283	0.7761050547213322	0.4848297666232312
0.973	0.6021021991675568	0.7761529122039512	0.4849147712506788
0.974	0.6021764986326889	0.7762007624189455	0.484999772842096
0.975	0.6022507914067892	0.7762486053661013	0.4850847713931212
0.976	0.6023250774874228	0.7762964410452045	0.4851697668993925
0.977	0.6023993568721546	0.7763442694560412	0.4852547593565484
0.978	0.6024736295585493	0.7763920905983976	0.485339748760227
0.979	0.6025478955441721	0.7764399044720598	0.48542473510606665
0.98	0.6026221548265877	0.7764877110768138	0.4855097183897056
0.981	0.6026964074033608	0.7765355104124457	0.4855946986067821
0.982	0.6027706532720566	0.7765833024787417	0.4856796757529345
0.983	0.6028448924302399	0.7766310872754878	0.485764649823801
0.984	0.6029191248754756	0.7766788648024701	0.4858496208150199
0.985	0.6029933506053284	0.7767266350594746	0.48593458872222955
0.986	0.6030675696173635	0.7767743980462875	0.4860195535410681
0.987	0.6031417819091456	0.7768221537626949	0.48610451526717385
0.988	0.6032159874782396	0.7768699022084828	0.4861894738961851
0.989	0.6032901863222104	0.7769176433834374	0.48627442942374016
0.99	0.6033643784386229	0.7769653772873447	0.4863593818454772
0.991	0.603438563825042	0.7770131039199908	0.4864443311570346
0.992	0.6035127424790325	0.7770608232811619	0.4865292773540506
0.993	0.6035869143981595	0.7771085353706438	0.4866142204321635
0.994	0.6036610795799877	0.777156240188223	0.4866991603870115
0.995	0.6037352380220821	0.7772039377336853	0.48678409721423294
0.996	0.6038093897220074	0.7772516280068169	0.48686903090946604
0.997	0.6038835346773287	0.7772993110074038	0.4869539614683491
0.998	0.6039576728856108	0.7773469867352322	0.4870388888865204
0.999	0.6040318043444185	0.7773946551900881	0.4871238131596182
1.0	0.6041059290513169	0.7774423163717575	0.4872087342832808
