time	A	B
0.0	100.0	0.0
0.25	3.846153767655862	48.07692311617209
0.5	1.960784269823636	49.019607865088204
0.75	1.315789443982535	49.34210527800876
1.0	0.9900989852456143	49.504950507377224
1.25	0.7936507711366452	49.6031746144317
1.5	0.6622516374555587	49.66887418127226
1.75	0.5681818002133178	49.71590909989337
2.0	0.49751242302424314	49.75124378848791
2.25	0.4424778607069836	49.77876106964655
2.5	0.3984063601679988	49.80079681991604
2.75	0.3623188281116655	49.81884058594421
3.0	0.33222590123354956	49.83388704938327
3.25	0.3067484533654616	49.846625773317314
3.5	0.2849002728754532	49.85754986356232
3.75	0.2659574358966644	49.86702128205172
4.0	0.24937654881276528	49.875311725593654
4.25	0.2347417736895525	49.882629113155254
4.5	0.22172947916224747	49.88913526041891
4.75	0.21008402289111877	49.894957988554474
5.0	0.19960078838619408	49.900199605806925
5.25	0.1901140590623226	49.90494297046886
5.5	0.1814881945406282	49.909255902729704
5.75	0.17361110300087898	49.913194448499574
6.0	0.1663893422271942	49.91680532888642
6.25	0.15974439949997796	49.92012780025002
6.5	0.15360982151400068	49.923195089243016
6.75	0.14792898482425457	49.92603550758788
7.0	0.14265334348163866	49.928673328259194
7.25	0.13774103835761092	49.931129480821205
7.5	0.13315578421189625	49.93342210789407
7.75	0.12886597172938033	49.93556701413532
8.0	0.1248439378122764	49.937578031093885
8.25	0.12106536835682209	49.93946731582161
8.5	0.11750880551362201	49.94124559724321
8.75	0.11415524341403885	49.942922378293005
9.0	0.11098778314476135	49.94450610842764
9.25	0.1079913524565159	49.94600432377177
9.5	0.10515246297039617	49.947423768514824
9.75	0.1024590083026025	49.94877049584872
10.0	0.09990009210811195	49.950049953945964
10.25	0.09746587936633792	49.95126706031685
10.5	0.09514747121958013	49.952426264390226
10.75	0.09293679587995927	49.95353160206004
11.0	0.09082651447789968	49.954586742761066
11.25	0.08880994010567338	49.95559502994718
11.5	0.08688096670384164	49.95655951664809
11.75	0.08503400746324556	49.95748299626839
12.0	0.0832639406389893	49.958368029680514
12.25	0.0815660619286525	49.95921696903569
12.5	0.07993604447237884	49.96003197776382
12.75	0.07836989901808296	49.960815050490964
13.0	0.07686394348912386	49.96156802825545
13.25	0.07541477412399371	49.96229261293801
13.5	0.07401923762680408	49.9629903811866
13.75	0.07267441138426485	49.96366279430787
14.0	0.07137758026191196	49.96431120986905
14.25	0.07012622010778645	49.96493688994611
14.5	0.0689179806759421	49.96554100966203
14.75	0.06775067066914646	49.96612466466543
15.0	0.06662224519320945	49.9666888774034
15.25	0.06553079294550258	49.96723460352725
15.5	0.06447452618370944	49.96776273690815
15.75	0.06345177043527626	49.96827411478236
16.0	0.062460955816621234	49.96876952209169
16.25	0.06150060909839284	49.969249695450806
16.5	0.06056934613293512	49.96971532693354
16.75	0.0596658655036743	49.97016706724817
17.0	0.058788942200645296	49.97060552889968
17.25	0.057937422235214406	49.9710312888824
17.5	0.057110217405629986	49.971444891297196
17.75	0.05630630072949146	49.97184684963526
18.0	0.055524702541481154	49.97223764872927
18.25	0.05476450665820225	49.97261774667091
18.5	0.05402484543463407	49.972987577282694
18.75	0.05330489773836271	49.97334755113083
19.0	0.052603886108759594	49.97369805694563
19.25	0.051921073518957875	49.97403946324053
19.5	0.05125575982308893	49.97437212008847
19.75	0.05060728085217595	49.974696359573926
20.0	0.04997500591505636	49.975012497042485
20.25	0.04935833511030785	49.97532083244486
20.5	0.04875669761767538	49.975621651191176
20.75	0.04816955038844883	49.97591522480579
21.0	0.047596376347521285	49.97620181182626
21.25	0.047036682402455454	49.97648165879879
21.5	0.04648999849041972	49.97675500075481
21.75	0.04595587625963501	49.977022061870194
22.0	0.04543388772249103	49.977283056138766
22.25	0.04492362395431116	49.977538188022855
22.5	0.04442469431212293	49.97778765284395
22.75	0.04393672538123461	49.97803163730939
23.0	0.043459359880701	49.97827032005966
23.25	0.04299225586688695	49.97850387206657
23.5	0.042535086000916655	49.97873245699955
23.75	0.04208753674613631	49.97895623162694
24.0	0.04164930754344064	49.97917534622829
24.25	0.04122011025478015	49.97938994487262
24.5	0.04079966852553088	49.979600165737246
24.75	0.04038771715504164	49.979806141422486
25.0	0.03998400150654539	49.98000799924673
25.25	0.03958827705473793	49.98020586147263
25.5	0.03920030887267959	49.98039984556366
25.75	0.03881987107792587	49.98059006446104
26.0	0.03844674648460172	49.9807766267577
26.25	0.038080726222305766	49.98095963688885
26.5	0.03772160935351332	49.981139195323244
26.75	0.03736920254634224	49.98131539872683
27.0	0.037023319539916576	49.981488340230044
27.25	0.03668378060474943	49.981658109697634
27.5	0.0363504127649475	49.981824793617534
27.75	0.03602304931854007	49.981988475340735
28.0	0.035701529586952836	49.98214923520653
28.25	0.03538569864972712	49.98230715067514
28.5	0.03507540668150696	49.98246229665925
28.75	0.03477050915884849	49.98261474542058
29.0	0.03447086662025752	49.98276456668987
29.25	0.0341763444055647	49.98291182779722
29.5	0.0338868124779315	49.983056593761034
29.75	0.03360214508199054	49.983198927459
30.0	0.033322220528359224	49.98333888973582
30.25	0.03304692126108813	49.983476539369455
30.5	0.03277613359239609	49.983611933203804
30.75	0.03250974755760593	49.983745126221194
31.0	0.03224765675484244	49.983876171622576
31.25	0.031989758062823455	49.98400512096859
31.5	0.03173595168216528	49.98413202415892
31.75	0.031486140976075404	49.984256929511965
32.0	0.031240232338055045	49.98437988383097
32.25	0.030998135082304742	49.98450093245884
32.5	0.030759761271091514	49.98462011936445
32.75	0.030525025629510216	49.98473748718524
33.0	0.030293845496028735	49.984853077251984
33.25	0.030066140701079748	49.98496692964946
33.5	0.029841833479329852	49.98507908326033
33.75	0.02962084837080309	49.985189575814594
34.0	0.02940311208447816	49.98529844395776
34.25	0.029188553493983298	49.985405723253
34.5	0.0289771035401266	49.98551144822993
34.75	0.028768695155486836	49.985615652422254
35.0	0.0285632631959202	49.98571836840203
35.25	0.028360744343260646	49.98581962782836
35.5	0.02816107706009516	49.98591946146995
35.75	0.027964201539832003	49.98601789923008
36.0	0.027770059639311888	49.98611497018034
36.25	0.02757859482347179	49.98621070258826
36.5	0.027389752104009492	49.98630512394799
36.75	0.02720347797155911	49.98639826101422
37.0	0.027019720373078985	49.98649013981346
37.25	0.02683842865443542	49.986580785672786
37.5	0.026659553514304556	49.98667022324285
37.75	0.026483046959070937	49.986758476520464
38.0	0.026308862232523243	49.98684556888374
38.25	0.026136953807409113	49.986931523096295
38.5	0.025967277347515944	49.98701636132624
38.75	0.025799789664865874	49.98710010516756
39.0	0.025634448685866635	49.98718277565707
39.25	0.025471213419665184	49.98726439329017
39.5	0.025310043928770058	49.987344978035615
39.75	0.02515090129526786	49.98742454935236
40.0	0.024993747462594595	49.9875031262687
40.25	0.02483854534147049	49.98758072732927
40.5	0.02468525879403907	49.98765737060298
40.75	0.024533852573095993	49.98773307371345
41.0	0.02438429229757273	49.987807853851216
41.25	0.02423654442967968	49.98788172778516
41.5	0.024090576253767388	49.987954711873115
41.75	0.02394635585252787	49.988026822073735
42.0	0.02380385197329352	49.98809807401335
42.25	0.023663034115249962	49.98816848294237
42.5	0.02352387252936994	49.98823806373531
42.75	0.023386338164896773	49.988306830917544
43.0	0.023250402650679364	49.988374798674656
43.25	0.023116038277620727	49.98844198086118
43.5	0.0229832179822719	49.98850839100886
43.75	0.022851915329650058	49.98857404233517
44.0	0.022722104428734687	49.98863894778563
44.25	0.02259375997649823	49.98870312001175
44.5	0.02246685726163443	49.988766571369176
44.75	0.02234137212634839	49.98882931393682
45.0	0.022217280951877673	49.988891359524054
45.25	0.02209456064475023	49.98895271967762
45.5	0.021973188623793653	49.9890134056881
45.75	0.02185314280718698	49.9890734285964
46.0	0.021734401562749254	49.98913279921862
46.25	0.021616943724800153	49.989191528137596
46.5	0.021500748596854136	49.98924962570157
46.75	0.021385795925752453	49.98930710203712
47.0	0.021272065890363873	49.989363967054814
47.25	0.021159539090791223	49.9894202304546
47.5	0.02104819653809038	49.98947590173095
47.75	0.020938019644269067	49.98953099017786
48.0	0.020828990192589585	49.9895855049037
48.25	0.020721090341580175	49.98963945482921
48.5	0.02061430262617783	49.98969284868691
48.75	0.020508609940069526	49.98974569502996
49.0	0.020403995526907935	49.98979800223655
49.25	0.020300442971899754	49.98984977851405
49.5	0.020197936193770635	49.989901031903116
49.75	0.020096459437021937	49.98995177028148
50.0	0.01999599725008054	49.990002001374954
